ets Jun  8 2016 00:22:57

rst:0x1 (POWERON_RESET),boot:0x13 (SPI_FAST_FLASH_BOOT)
configsip: 0, SPIWP:0xee
clk_drv:0x00,q_drv:0x00,d_drv:0x00,cs0_drv:0x00,hd_drv:0x00,wp_drv:0x00
mode:DIO, clock div:1
load:0x3fff0030,len:6592
load:0x40078000,len:16676
ho 0 tail 12 room 4
load:0x40080400,len:4
load:0x40080404,len:4272
entry 0x40080658
[0;32mI (30) boot: ESP-IDF v5.4-dev-3602-ga97a7b0962-dirty 2nd stage bootloader[0m
[0;32mI (30) boot: compile time Oct 26 2024 20:39:10[0m
[0;32mI (31) boot: Multicore bootloader[0m
[0;32mI (34) boot: chip revision: v1.0[0m
[0;32mI (37) qio_mode: Enabling default flash chip QIO[0m
[0;32mI (41) boot.esp32: SPI Speed      : 80MHz[0m
[0;32mI (45) boot.esp32: SPI Mode       : QIO[0m
[0;32mI (48) boot.esp32: SPI Flash Size : 4MB[0m
[0;32mI (52) boot: Enabling RNG early entropy source...[0m
[0;32mI (56) boot: Partition Table:[0m
[0;32mI (59) boot: ## Label            Usage          Type ST Offset   Length[0m
[0;32mI (65) boot:  0 nvs              WiFi data        01 02 00009000 00006000[0m
[0;32mI (72) boot:  1 phy_init         RF data          01 01 0000f000 00001000[0m
[0;32mI (78) boot:  2 factory          factory app      00 00 00010000 00300000[0m
[0;32mI (85) boot: End of partition table[0m
[0;32mI (88) esp_image: segment 0: paddr=00010020 vaddr=3f400020 size=1b3070h (1781872) map[0m
[0;32mI (551) esp_image: segment 1: paddr=001c3098 vaddr=3ff80000 size=00018h (    24) load[0m
[0;32mI (551) esp_image: segment 2: paddr=001c30b8 vaddr=3ffb0000 size=03514h ( 13588) load[0m
[0;32mI (558) esp_image: segment 3: paddr=001c65d4 vaddr=40080000 size=09a44h ( 39492) load[0m
[0;32mI (574) esp_image: segment 4: paddr=001d0020 vaddr=400d0020 size=2f18ch (192908) map[0m
[0;32mI (623) esp_image: segment 5: paddr=001ff1b4 vaddr=40089a44 size=06ca4h ( 27812) load[0m
[0;32mI (640) boot: Loaded app from partition at offset 0x10000[0m
[0;32mI (640) boot: Disabling RNG early entropy source...[0m
[0;32mI (650) quad_psram: This chip is ESP32-D0WD[0m
[0;32mI (651) esp_psram: Found 8MB PSRAM device[0m
[0;32mI (651) esp_psram: Speed: 80MHz[0m
[0;32mI (654) esp_psram: PSRAM initialized, cache is in low/high (2-core) mode.[0m
[0;33mW (662) esp_psram: Virtual address not enough for PSRAM, map as much as we can. 4MB is mapped[0m
[0;32mI (671) cpu_start: Multicore app[0m
[0;32mI (1138) esp_psram: SPI SRAM memory test OK[0m
[0;32mI (1147) cpu_start: Pro cpu start user code[0m
[0;32mI (1147) cpu_start: cpu freq: 240000000 Hz[0m
[0;32mI (1147) app_init: Application information:[0m
[0;32mI (1151) app_init: Project name:     person_detection[0m
[0;32mI (1156) app_init: App version:      e3513e5-dirty[0m
[0;32mI (1162) app_init: Compile time:     Oct 26 2024 20:39:41[0m
[0;32mI (1168) app_init: ELF file SHA256:  ef8d3e0b7...[0m
[0;32mI (1173) app_init: ESP-IDF:          v5.4-dev-3602-ga97a7b0962-dirty[0m
[0;32mI (1180) efuse_init: Min chip rev:     v0.0[0m
[0;32mI (1185) efuse_init: Max chip rev:     v3.99 [0m
[0;32mI (1190) efuse_init: Chip rev:         v1.0[0m
[0;32mI (1195) heap_init: Initializing. RAM available for dynamic allocation:[0m
[0;32mI (1202) heap_init: At 3FFAE6E0 len 00001920 (6 KiB): DRAM[0m
[0;32mI (1208) heap_init: At 3FFB41B0 len 0002BE50 (175 KiB): DRAM[0m
[0;32mI (1215) heap_init: At 3FFE0440 len 00003AE0 (14 KiB): D/IRAM[0m
[0;32mI (1221) heap_init: At 3FFE4350 len 0001BCB0 (111 KiB): D/IRAM[0m
[0;32mI (1228) heap_init: At 400906E8 len 0000F918 (62 KiB): IRAM[0m
[0;32mI (1234) esp_psram: Adding pool of 4096K of PSRAM memory to heap allocator[0m
[0;32mI (1242) spi_flash: detected chip: generic[0m
[0;32mI (1246) spi_flash: flash io: qio[0m
[0;33mW (1250) i2c: This driver is an old driver, please migrate your application code to adapt `driver/i2c_master.h`[0m
[0;32mI (1261) main_task: Started on CPU0[0m
[0;32mI (1271) main_task: Calling app_main()[0m
Total heap size: 4509440
Free heap size: 4486564
Total PSRAM size: 8388608
Free PSRAM size: 4191548
Free heap size after allocation: 4306336
Free PSRAM size after allocation: 4011320
[0;32mI (1281) gpio: GPIO[25]| InputEn: 1| OutputEn: 0| OpenDrain: 0| Pullup: 1| Pulldown: 0| Intr:2 [0m
[0;32mI (1291) cam_hal: cam init ok[0m
[0;32mI (1291) sccb: pin_sda 26 pin_scl 27[0m
[0;32mI (1301) sccb: sccb_i2c_port=1[0m
[0;32mI (1301) gpio: GPIO[32]| InputEn: 0| OutputEn: 1| OpenDrain: 0| Pullup: 0| Pulldown: 0| Intr:0 [0m
[0;32mI (1341) camera: Detected camera at address=0x30[0m
[0;32mI (1341) camera: Detected OV2640 camera[0m
[0;32mI (1341) camera: Camera PID=0x26 VER=0x42 MIDL=0x7f MIDH=0xa2[0m
[0;32mI (1411) esp32 ll_cam: node_size: 3072, nodes_per_line: 1, lines_per_node: 4, dma_half_buffer_min:  3072, dma_half_buffer: 12288,lines_per_half_buffer: 16, dma_buffer_size: 24576, image_size: 18432[0m
[0;32mI (1421) cam_hal: buffer_size: 24576, half_buffer_size: 12288, node_buffer_size: 3072, node_cnt: 8, total_cnt: 1[0m
[0;32mI (1431) cam_hal: Allocating 9216 Byte frame buffer in PSRAM[0m
[0;32mI (1441) cam_hal: Allocating 9216 Byte frame buffer in PSRAM[0m
[0;32mI (1441) cam_hal: cam config ok[0m
[0;32mI (1451) ov2640: Set PLL: clk_2x: 0, clk_div: 3, pclk_auto: 1, pclk_div: 8[0m
Modificando los sensores...
PID: 0x26
Camera Initialized


0.486275, 0.525490, 0.552941, 0.556863, 0.517647, 0.478431, 0.443137, 0.411765, 0.309804, 0.235294, 0.211765, 0.172549, 0.200000, 0.184314, 0.227451, 0.211765, 0.337255, 0.443137, 0.541176, 0.564706, 0.580392, 0.576471, 0.537255, 0.490196, 0.439216, 0.368627, 0.325490, 0.227451, 0.305882, 0.431373, 0.525490, 0.564706, 0.588235, 0.584314, 0.556863, 0.509804, 0.447059, 0.403922, 0.411765, 0.549020, 0.584314, 0.631373, 0.658824, 0.674510, 0.670588, 0.662745, 0.666667, 0.643137, 0.643137, 0.603922, 0.560784, 0.513726, 0.494118, 0.427451, 0.396078, 0.490196, 0.529412, 0.596078, 0.611765, 0.631373, 0.643137, 0.635294, 0.643137, 0.631373, 0.631373, 0.635294, 0.627451, 0.615686, 0.619608, 0.611765, 0.600000, 0.600000, 0.588235, 0.596078, 0.592157, 0.584314, 0.584314, 0.580392, 0.568627, 0.576471, 0.576471, 0.568627, 0.572549, 0.560784, 0.556863, 0.556863, 0.541176, 0.545098, 0.529412, 0.537255, 0.533333, 0.517647, 0.517647, 0.529412, 0.513726, 0.509804, 0.470588, 0.529412, 0.552941, 0.537255, 0.509804, 0.478431, 0.447059, 0.423529, 0.384314, 0.258824, 0.219608, 0.211765, 0.172549, 0.215686, 0.203922, 0.219608, 0.313726, 0.525490, 0.537255, 0.572549, 0.572549, 0.572549, 0.529412, 0.494118, 0.450980, 0.368627, 0.290196, 0.215686, 0.333333, 0.470588, 0.545098, 0.588235, 0.603922, 0.603922, 0.568627, 0.533333, 0.474510, 0.419608, 0.411765, 0.549020, 0.615686, 0.623529, 0.670588, 0.678431, 0.678431, 0.674510, 0.670588, 0.662745, 0.631373, 0.603922, 0.549020, 0.517647, 0.454902, 0.423529, 0.435294, 0.501961, 0.572549, 0.600000, 0.627451, 0.650980, 0.654902, 0.647059, 0.643137, 0.643137, 0.639216, 0.639216, 0.631373, 0.623529, 0.619608, 0.619608, 0.615686, 0.611765, 0.611765, 0.603922, 0.603922, 0.596078, 0.588235, 0.588235, 0.584314, 0.588235, 0.584314, 0.584314, 0.576471, 0.556863, 0.560784, 0.564706, 0.560784, 0.556863, 0.545098, 0.541176, 0.533333, 0.533333, 0.521569, 0.521569, 0.517647, 0.509804, 0.490196, 0.517647, 0.545098, 0.556863, 0.521569, 0.501961, 0.454902, 0.427451, 0.333333, 0.333333, 0.231373, 0.200000, 0.196078, 0.203922, 0.231373, 0.207843, 0.356863, 0.552941, 0.525490, 0.568627, 0.572549, 0.560784, 0.525490, 0.482353, 0.443137, 0.419608, 0.325490, 0.313726, 0.317647, 0.466667, 0.545098, 0.588235, 0.615686, 0.611765, 0.600000, 0.541176, 0.505882, 0.435294, 0.505882, 0.572549, 0.627451, 0.627451, 0.674510, 0.686275, 0.682353, 0.678431, 0.674510, 0.654902, 0.619608, 0.596078, 0.552941, 0.501961, 0.447059, 0.427451, 0.482353, 0.533333, 0.584314, 0.615686, 0.643137, 0.658824, 0.666667, 0.654902, 0.650980, 0.650980, 0.643137, 0.643137, 0.647059, 0.631373, 0.623529, 0.627451, 0.615686, 0.611765, 0.607843, 0.607843, 0.603922, 0.603922, 0.600000, 0.592157, 0.596078, 0.588235, 0.584314, 0.580392, 0.576471, 0.580392, 0.564706, 0.568627, 0.560784, 0.560784, 0.552941, 0.541176, 0.549020, 0.533333, 0.525490, 0.521569, 0.521569, 0.513726, 0.294118, 0.509804, 0.549020, 0.564706, 0.560784, 0.525490, 0.474510, 0.435294, 0.352941, 0.290196, 0.196078, 0.235294, 0.192157, 0.211765, 0.258824, 0.180392, 0.231373, 0.482353, 0.529412, 0.556863, 0.580392, 0.568627, 0.537255, 0.505882, 0.439216, 0.419608, 0.462745, 0.423529, 0.427451, 0.454902, 0.549020, 0.596078, 0.619608, 0.623529, 0.603922, 0.568627, 0.509804, 0.447059, 0.509804, 0.580392, 0.615686, 0.639216, 0.674510, 0.690196, 0.686275, 0.678431, 0.670588, 0.662745, 0.635294, 0.584314, 0.541176, 0.494118, 0.443137, 0.411765, 0.494118, 0.556863, 0.596078, 0.627451, 0.650980, 0.666667, 0.666667, 0.666667, 0.658824, 0.654902, 0.654902, 0.647059, 0.639216, 0.639216, 0.635294, 0.631373, 0.639216, 0.627451, 0.615686, 0.615686, 0.611765, 0.603922, 0.596078, 0.600000, 0.600000, 0.596078, 0.588235, 0.588235, 0.584314, 0.576471, 0.576471, 0.572549, 0.572549, 0.556863, 0.552941, 0.552941, 0.549020, 0.537255, 0.533333, 0.525490, 0.521569, 0.517647, 0.333333, 0.498039, 0.545098, 0.568627, 0.568627, 0.545098, 0.501961, 0.458824, 0.388235, 0.341176, 0.250980, 0.211765, 0.203922, 0.219608, 0.188235, 0.192157, 0.352941, 0.470588, 0.525490, 0.560784, 0.588235, 0.584314, 0.549020, 0.509804, 0.450980, 0.427451, 0.458824, 0.498039, 0.443137, 0.478431, 0.541176, 0.584314, 0.623529, 0.627451, 0.607843, 0.568627, 0.521569, 0.498039, 0.537255, 0.592157, 0.619608, 0.639216, 0.678431, 0.686275, 0.678431, 0.686275, 0.670588, 0.650980, 0.623529, 0.576471, 0.537255, 0.474510, 0.443137, 0.415686, 0.517647, 0.564706, 0.607843, 0.639216, 0.658824, 0.674510, 0.674510, 0.678431, 0.670588, 0.662745, 0.654902, 0.654902, 0.647059, 0.647059, 0.643137, 0.639216, 0.635294, 0.631373, 0.623529, 0.615686, 0.619608, 0.623529, 0.615686, 0.607843, 0.600000, 0.596078, 0.592157, 0.588235, 0.580392, 0.576471, 0.580392, 0.572549, 0.568627, 0.564706, 0.556863, 0.552941, 0.552941, 0.537255, 0.541176, 0.537255, 0.529412, 0.521569, 0.184314, 0.462745, 0.525490, 0.552941, 0.572549, 0.552941, 0.513726, 0.482353, 0.380392, 0.329412, 0.231373, 0.227451, 0.211765, 0.207843, 0.235294, 0.203922, 0.317647, 0.462745, 0.537255, 0.572549, 0.600000, 0.603922, 0.580392, 0.545098, 0.474510, 0.431373, 0.513726, 0.513726, 0.490196, 0.505882, 0.560784, 0.592157, 0.607843, 0.623529, 0.603922, 0.568627, 0.529412, 0.505882, 0.545098, 0.600000, 0.635294, 0.662745, 0.686275, 0.690196, 0.686275, 0.690196, 0.682353, 0.654902, 0.623529, 0.576471, 0.533333, 0.474510, 0.427451, 0.450980, 0.501961, 0.596078, 0.619608, 0.647059, 0.670588, 0.674510, 0.682353, 0.678431, 0.666667, 0.666667, 0.658824, 0.658824, 0.658824, 0.654902, 0.647059, 0.643137, 0.643137, 0.635294, 0.635294, 0.623529, 0.627451, 0.619608, 0.615686, 0.615686, 0.607843, 0.603922, 0.596078, 0.592157, 0.588235, 0.584314, 0.576471, 0.576471, 0.572549, 0.568627, 0.564706, 0.560784, 0.556863, 0.541176, 0.537255, 0.529412, 0.533333, 0.525490, 0.117647, 0.376471, 0.505882, 0.552941, 0.572549, 0.556863, 0.525490, 0.482353, 0.435294, 0.380392, 0.298039, 0.227451, 0.231373, 0.196078, 0.243137, 0.215686, 0.298039, 0.494118, 0.517647, 0.572549, 0.603922, 0.619608, 0.607843, 0.580392, 0.505882, 0.443137, 0.498039, 0.541176, 0.521569, 0.541176, 0.572549, 0.596078, 0.611765, 0.615686, 0.600000, 0.560784, 0.525490, 0.501961, 0.568627, 0.603922, 0.635294, 0.658824, 0.698039, 0.694118, 0.694118, 0.686275, 0.682353, 0.650980, 0.623529, 0.580392, 0.529412, 0.470588, 0.423529, 0.470588, 0.545098, 0.596078, 0.627451, 0.654902, 0.678431, 0.686275, 0.686275, 0.678431, 0.674510, 0.670588, 0.666667, 0.662745, 0.658824, 0.647059, 0.654902, 0.647059, 0.650980, 0.635294, 0.635294, 0.627451, 0.623529, 0.623529, 0.611765, 0.615686, 0.607843, 0.603922, 0.600000, 0.600000, 0.596078, 0.588235, 0.580392, 0.580392, 0.576471, 0.572549, 0.564706, 0.560784, 0.560784, 0.549020, 0.533333, 0.537255, 0.537255, 0.521569, 0.184314, 0.372549, 0.478431, 0.517647, 0.564706, 0.576471, 0.549020, 0.494118, 0.545098, 0.419608, 0.274510, 0.262745, 0.262745, 0.207843, 0.243137, 0.180392, 0.243137, 0.454902, 0.537255, 0.572549, 0.603922, 0.631373, 0.611765, 0.572549, 0.537255, 0.466667, 0.533333, 0.545098, 0.552941, 0.564706, 0.600000, 0.611765, 0.627451, 0.627451, 0.603922, 0.545098, 0.525490, 0.494118, 0.568627, 0.615686, 0.643137, 0.674510, 0.698039, 0.698039, 0.701961, 0.694118, 0.678431, 0.662745, 0.623529, 0.572549, 0.549020, 0.462745, 0.415686, 0.486275, 0.560784, 0.603922, 0.631373, 0.670588, 0.690196, 0.694118, 0.694118, 0.682353, 0.682353, 0.682353, 0.678431, 0.678431, 0.670588, 0.662745, 0.658824, 0.647059, 0.650980, 0.647059, 0.647059, 0.631373, 0.627451, 0.619608, 0.615686, 0.615686, 0.607843, 0.607843, 0.600000, 0.603922, 0.596078, 0.584314, 0.588235, 0.584314, 0.580392, 0.576471, 0.568627, 0.560784, 0.560784, 0.552941, 0.537255, 0.533333, 0.537255, 0.537255, 0.243137, 0.258824, 0.411765, 0.549020, 0.545098, 0.584314, 0.564706, 0.517647, 0.482353, 0.450980, 0.443137, 0.321569, 0.219608, 0.247059, 0.227451, 0.227451, 0.164706, 0.447059, 0.517647, 0.580392, 0.615686, 0.631373, 0.627451, 0.596078, 0.545098, 0.513726, 0.517647, 0.545098, 0.552941, 0.592157, 0.615686, 0.635294, 0.635294, 0.619608, 0.603922, 0.568627, 0.521569, 0.509804, 0.572549, 0.611765, 0.650980, 0.682353, 0.698039, 0.709804, 0.705882, 0.690196, 0.674510, 0.643137, 0.627451, 0.584314, 0.545098, 0.498039, 0.458824, 0.521569, 0.576471, 0.600000, 0.643137, 0.670588, 0.698039, 0.698039, 0.698039, 0.690196, 0.690196, 0.686275, 0.682353, 0.678431, 0.674510, 0.670588, 0.666667, 0.658824, 0.654902, 0.650980, 0.650980, 0.639216, 0.631373, 0.627451, 0.627451, 0.619608, 0.615686, 0.611765, 0.607843, 0.603922, 0.600000, 0.592157, 0.596078, 0.596078, 0.584314, 0.576471, 0.576471, 0.568627, 0.552941, 0.529412, 0.501961, 0.521569, 0.533333, 0.537255, 0.141176, 0.274510, 0.482353, 0.494118, 0.525490, 0.560784, 0.568627, 0.549020, 0.560784, 0.470588, 0.352941, 0.298039, 0.298039, 0.290196, 0.243137, 0.223529, 0.239216, 0.368627, 0.474510, 0.580392, 0.611765, 0.639216, 0.635294, 0.611765, 0.560784, 0.529412, 0.549020, 0.584314, 0.564706, 0.592157, 0.627451, 0.647059, 0.639216, 0.627451, 0.603922, 0.568627, 0.521569, 0.545098, 0.588235, 0.635294, 0.662745, 0.690196, 0.701961, 0.709804, 0.701961, 0.694118, 0.670588, 0.635294, 0.615686, 0.580392, 0.537255, 0.490196, 0.478431, 0.517647, 0.596078, 0.631373, 0.647059, 0.682353, 0.694118, 0.705882, 0.701961, 0.698039, 0.698039, 0.694118, 0.694118, 0.686275, 0.678431, 0.678431, 0.674510, 0.666667, 0.662745, 0.654902, 0.647059, 0.643137, 0.639216, 0.631373, 0.631373, 0.623529, 0.619608, 0.615686, 0.615686, 0.611765, 0.603922, 0.603922, 0.596078, 0.596078, 0.584314, 0.584314, 0.576471, 0.572549, 0.560784, 0.529412, 0.486275, 0.498039, 0.521569, 0.529412, 0.207843, 0.149020, 0.454902, 0.470588, 0.505882, 0.556863, 0.560784, 0.560784, 0.505882, 0.482353, 0.415686, 0.341176, 0.294118, 0.247059, 0.247059, 0.133333, 0.349020, 0.427451, 0.505882, 0.552941, 0.607843, 0.635294, 0.635294, 0.611765, 0.588235, 0.545098, 0.556863, 0.596078, 0.572549, 0.592157, 0.627451, 0.650980, 0.639216, 0.619608, 0.603922, 0.568627, 0.529412, 0.556863, 0.596078, 0.639216, 0.666667, 0.694118, 0.709804, 0.717647, 0.709804, 0.694118, 0.670588, 0.627451, 0.607843, 0.568627, 0.533333, 0.494118, 0.501961, 0.588235, 0.607843, 0.631373, 0.670588, 0.690196, 0.705882, 0.705882, 0.705882, 0.701961, 0.698039, 0.694118, 0.690196, 0.686275, 0.682353, 0.678431, 0.674510, 0.670588, 0.666667, 0.658824, 0.658824, 0.650980, 0.650980, 0.635294, 0.631373, 0.631373, 0.631373, 0.623529, 0.619608, 0.619608, 0.611765, 0.603922, 0.600000, 0.592157, 0.588235, 0.580392, 0.568627, 0.556863, 0.545098, 0.545098, 0.494118, 0.490196, 0.494118, 0.505882, 0.243137, 0.215686, 0.349020, 0.466667, 0.501961, 0.529412, 0.549020, 0.545098, 0.478431, 0.478431, 0.447059, 0.443137, 0.282353, 0.274510, 0.317647, 0.337255, 0.403922, 0.443137, 0.498039, 0.549020, 0.603922, 0.635294, 0.639216, 0.619608, 0.596078, 0.552941, 0.564706, 0.603922, 0.580392, 0.600000, 0.631373, 0.643137, 0.639216, 0.611765, 0.596078, 0.564706, 0.533333, 0.541176, 0.611765, 0.643137, 0.686275, 0.701961, 0.713726, 0.721569, 0.705882, 0.690196, 0.666667, 0.627451, 0.600000, 0.541176, 0.521569, 0.517647, 0.541176, 0.584314, 0.611765, 0.639216, 0.674510, 0.705882, 0.713726, 0.713726, 0.705882, 0.705882, 0.701961, 0.698039, 0.690196, 0.682353, 0.682353, 0.682353, 0.674510, 0.670588, 0.670588, 0.666667, 0.658824, 0.654902, 0.658824, 0.647059, 0.639216, 0.631373, 0.635294, 0.627451, 0.611765, 0.619608, 0.615686, 0.611765, 0.603922, 0.596078, 0.584314, 0.572549, 0.541176, 0.549020, 0.533333, 0.529412, 0.525490, 0.478431, 0.454902, 0.454902, 0.200000, 0.215686, 0.317647, 0.443137, 0.494118, 0.529412, 0.549020, 0.545098, 0.533333, 0.498039, 0.458824, 0.368627, 0.388235, 0.400000, 0.411765, 0.462745, 0.466667, 0.474510, 0.509804, 0.568627, 0.600000, 0.635294, 0.643137, 0.627451, 0.600000, 0.568627, 0.556863, 0.603922, 0.588235, 0.603922, 0.635294, 0.647059, 0.643137, 0.611765, 0.596078, 0.556863, 0.537255, 0.580392, 0.627451, 0.650980, 0.686275, 0.709804, 0.713726, 0.725490, 0.713726, 0.690196, 0.662745, 0.615686, 0.588235, 0.545098, 0.501961, 0.498039, 0.592157, 0.596078, 0.623529, 0.650980, 0.686275, 0.705882, 0.717647, 0.721569, 0.713726, 0.709804, 0.701961, 0.701961, 0.694118, 0.690196, 0.686275, 0.682353, 0.678431, 0.678431, 0.674510, 0.666667, 0.666667, 0.654902, 0.658824, 0.650980, 0.643137, 0.639216, 0.627451, 0.631373, 0.619608, 0.623529, 0.615686, 0.607843, 0.600000, 0.592157, 0.572549, 0.564706, 0.556863, 0.537255, 0.525490, 0.505882, 0.513726, 0.505882, 0.466667, 0.454902, 0.172549, 0.211765, 0.368627, 0.403922, 0.478431, 0.513726, 0.545098, 0.556863, 0.549020, 0.537255, 0.474510, 0.403922, 0.439216, 0.466667, 0.474510, 0.478431, 0.501961, 0.509804, 0.537255, 0.580392, 0.611765, 0.639216, 0.650980, 0.647059, 0.615686, 0.592157, 0.552941, 0.584314, 0.584314, 0.615686, 0.650980, 0.662745, 0.643137, 0.619608, 0.600000, 0.568627, 0.552941, 0.584314, 0.631373, 0.666667, 0.694118, 0.705882, 0.721569, 0.729412, 0.701961, 0.690196, 0.650980, 0.603922, 0.572549, 0.521569, 0.513726, 0.517647, 0.564706, 0.603922, 0.639216, 0.662745, 0.698039, 0.717647, 0.725490, 0.721569, 0.713726, 0.713726, 0.709804, 0.705882, 0.698039, 0.698039, 0.686275, 0.686275, 0.678431, 0.682353, 0.674510, 0.670588, 0.658824, 0.662745, 0.654902, 0.654902, 0.650980, 0.643137, 0.639216, 0.639216, 0.635294, 0.627451, 0.619608, 0.611765, 0.600000, 0.588235, 0.580392, 0.564706, 0.549020, 0.541176, 0.533333, 0.513726, 0.486275, 0.486275, 0.494118, 0.447059, 0.180392, 0.239216, 0.262745, 0.427451, 0.450980, 0.505882, 0.529412, 0.549020, 0.560784, 0.529412, 0.498039, 0.486275, 0.521569, 0.517647, 0.513726, 0.517647, 0.552941, 0.549020, 0.568627, 0.607843, 0.619608, 0.647059, 0.647059, 0.647059, 0.619608, 0.600000, 0.588235, 0.572549, 0.611765, 0.635294, 0.658824, 0.674510, 0.647059, 0.615686, 0.607843, 0.584314, 0.525490, 0.537255, 0.631373, 0.678431, 0.709804, 0.721569, 0.737255, 0.729412, 0.701961, 0.670588, 0.639216, 0.607843, 0.560784, 0.525490, 0.501961, 0.529412, 0.588235, 0.615686, 0.650980, 0.670588, 0.698039, 0.721569, 0.725490, 0.721569, 0.713726, 0.713726, 0.709804, 0.705882, 0.698039, 0.694118, 0.690196, 0.690196, 0.686275, 0.682353, 0.678431, 0.670588, 0.666667, 0.662745, 0.662745, 0.662745, 0.647059, 0.650980, 0.639216, 0.639216, 0.631373, 0.627451, 0.623529, 0.615686, 0.596078, 0.584314, 0.584314, 0.556863, 0.513726, 0.572549, 0.537255, 0.509804, 0.482353, 0.470588, 0.490196, 0.486275, 0.188235, 0.192157, 0.219608, 0.368627, 0.443137, 0.494118, 0.525490, 0.549020, 0.560784, 0.556863, 0.525490, 0.494118, 0.529412, 0.552941, 0.568627, 0.568627, 0.592157, 0.592157, 0.592157, 0.619608, 0.643137, 0.658824, 0.658824, 0.647059, 0.619608, 0.611765, 0.603922, 0.607843, 0.623529, 0.654902, 0.670588, 0.678431, 0.670588, 0.631373, 0.619608, 0.603922, 0.564706, 0.521569, 0.596078, 0.666667, 0.713726, 0.729412, 0.745098, 0.733333, 0.694118, 0.658824, 0.627451, 0.596078, 0.556863, 0.509804, 0.498039, 0.556863, 0.600000, 0.619608, 0.650980, 0.678431, 0.709804, 0.725490, 0.733333, 0.729412, 0.721569, 0.713726, 0.705882, 0.701961, 0.698039, 0.686275, 0.690196, 0.686275, 0.682353, 0.674510, 0.674510, 0.666667, 0.666667, 0.658824, 0.662745, 0.658824, 0.654902, 0.647059, 0.643137, 0.639216, 0.635294, 0.627451, 0.623529, 0.619608, 0.588235, 0.584314, 0.576471, 0.545098, 0.501961, 0.494118, 0.505882, 0.517647, 0.498039, 0.450980, 0.447059, 0.466667, 0.145098, 0.180392, 0.258824, 0.250980, 0.329412, 0.478431, 0.525490, 0.552941, 0.568627, 0.564706, 0.545098, 0.525490, 0.501961, 0.572549, 0.600000, 0.607843, 0.615686, 0.627451, 0.631373, 0.643137, 0.654902, 0.666667, 0.670588, 0.658824, 0.643137, 0.627451, 0.619608, 0.631373, 0.658824, 0.674510, 0.682353, 0.694118, 0.678431, 0.658824, 0.635294, 0.619608, 0.588235, 0.584314, 0.580392, 0.643137, 0.709804, 0.745098, 0.752941, 0.729412, 0.682353, 0.647059, 0.619608, 0.584314, 0.545098, 0.505882, 0.509804, 0.552941, 0.603922, 0.631373, 0.666667, 0.686275, 0.709804, 0.729412, 0.733333, 0.729412, 0.721569, 0.717647, 0.705882, 0.698039, 0.690196, 0.690196, 0.690196, 0.686275, 0.674510, 0.674510, 0.670588, 0.658824, 0.658824, 0.662745, 0.662745, 0.654902, 0.650980, 0.647059, 0.650980, 0.639216, 0.639216, 0.635294, 0.623529, 0.619608, 0.596078, 0.545098, 0.564706, 0.545098, 0.505882, 0.482353, 0.470588, 0.478431, 0.482353, 0.474510, 0.450980, 0.431373, 0.188235, 0.184314, 0.266667, 0.250980, 0.349020, 0.462745, 0.466667, 0.552941, 0.572549, 0.580392, 0.576471, 0.525490, 0.513726, 0.556863, 0.603922, 0.631373, 0.658824, 0.662745, 0.658824, 0.666667, 0.678431, 0.686275, 0.678431, 0.670588, 0.658824, 0.650980, 0.647059, 0.643137, 0.674510, 0.686275, 0.690196, 0.690196, 0.690196, 0.666667, 0.643137, 0.623529, 0.603922, 0.600000, 0.607843, 0.623529, 0.670588, 0.733333, 0.745098, 0.725490, 0.682353, 0.643137, 0.600000, 0.545098, 0.560784, 0.505882, 0.545098, 0.584314, 0.603922, 0.631373, 0.674510, 0.694118, 0.713726, 0.733333, 0.729412, 0.729412, 0.721569, 0.709804, 0.705882, 0.694118, 0.690196, 0.686275, 0.678431, 0.682353, 0.662745, 0.666667, 0.666667, 0.662745, 0.654902, 0.643137, 0.658824, 0.650980, 0.647059, 0.647059, 0.650980, 0.639216, 0.639216, 0.631373, 0.615686, 0.615686, 0.611765, 0.556863, 0.537255, 0.529412, 0.505882, 0.478431, 0.450980, 0.447059, 0.462745, 0.458824, 0.462745, 0.423529, 0.129412, 0.172549, 0.176471, 0.188235, 0.278431, 0.454902, 0.482353, 0.537255, 0.572549, 0.588235, 0.568627, 0.552941, 0.541176, 0.537255, 0.619608, 0.643137, 0.682353, 0.686275, 0.694118, 0.698039, 0.705882, 0.705882, 0.698039, 0.690196, 0.678431, 0.674510, 0.662745, 0.658824, 0.678431, 0.690196, 0.701961, 0.713726, 0.701961, 0.670588, 0.647059, 0.643137, 0.627451, 0.611765, 0.615686, 0.623529, 0.670588, 0.698039, 0.733333, 0.729412, 0.686275, 0.631373, 0.588235, 0.537255, 0.521569, 0.505882, 0.552941, 0.588235, 0.611765, 0.650980, 0.670588, 0.698039, 0.721569, 0.733333, 0.729412, 0.725490, 0.717647, 0.705882, 0.705882, 0.701961, 0.690196, 0.686275, 0.682353, 0.670588, 0.666667, 0.666667, 0.658824, 0.654902, 0.658824, 0.654902, 0.654902, 0.654902, 0.650980, 0.647059, 0.643137, 0.643137, 0.647059, 0.635294, 0.631373, 0.627451, 0.623529, 0.592157, 0.545098, 0.509804, 0.490196, 0.486275, 0.462745, 0.427451, 0.435294, 0.435294, 0.439216, 0.427451, 0.164706, 0.180392, 0.200000, 0.203922, 0.192157, 0.337255, 0.466667, 0.513726, 0.549020, 0.596078, 0.584314, 0.568627, 0.564706, 0.556863, 0.611765, 0.643137, 0.694118, 0.701961, 0.713726, 0.725490, 0.733333, 0.729412, 0.717647, 0.701961, 0.678431, 0.682353, 0.674510, 0.674510, 0.682353, 0.686275, 0.698039, 0.705882, 0.701961, 0.674510, 0.654902, 0.643137, 0.627451, 0.623529, 0.623529, 0.631373, 0.650980, 0.678431, 0.682353, 0.709804, 0.694118, 0.639216, 0.584314, 0.537255, 0.521569, 0.494118, 0.552941, 0.588235, 0.607843, 0.647059, 0.694118, 0.698039, 0.721569, 0.729412, 0.725490, 0.717647, 0.713726, 0.705882, 0.705882, 0.701961, 0.682353, 0.674510, 0.682353, 0.670588, 0.670588, 0.666667, 0.662745, 0.650980, 0.650980, 0.650980, 0.650980, 0.647059, 0.650980, 0.647059, 0.647059, 0.643137, 0.635294, 0.635294, 0.639216, 0.631373, 0.623529, 0.600000, 0.564706, 0.529412, 0.470588, 0.474510, 0.470588, 0.443137, 0.427451, 0.423529, 0.431373, 0.423529, 0.164706, 0.176471, 0.172549, 0.196078, 0.078431, 0.337255, 0.454902, 0.521569, 0.541176, 0.584314, 0.592157, 0.588235, 0.572549, 0.564706, 0.580392, 0.643137, 0.686275, 0.705882, 0.725490, 0.749020, 0.760784, 0.756863, 0.737255, 0.717647, 0.698039, 0.701961, 0.694118, 0.682353, 0.686275, 0.694118, 0.698039, 0.698039, 0.701961, 0.694118, 0.674510, 0.650980, 0.635294, 0.627451, 0.631373, 0.639216, 0.643137, 0.658824, 0.666667, 0.674510, 0.670588, 0.631373, 0.588235, 0.541176, 0.490196, 0.505882, 0.572549, 0.592157, 0.615686, 0.650980, 0.686275, 0.701961, 0.725490, 0.729412, 0.725490, 0.717647, 0.709804, 0.705882, 0.698039, 0.682353, 0.682353, 0.670588, 0.666667, 0.662745, 0.658824, 0.658824, 0.654902, 0.639216, 0.635294, 0.639216, 0.639216, 0.647059, 0.650980, 0.647059, 0.650980, 0.650980, 0.647059, 0.643137, 0.635294, 0.631373, 0.627451, 0.607843, 0.576471, 0.541176, 0.490196, 0.439216, 0.439216, 0.443137, 0.415686, 0.384314, 0.431373, 0.427451, 0.168627, 0.172549, 0.184314, 0.231373, 0.200000, 0.329412, 0.443137, 0.478431, 0.541176, 0.572549, 0.600000, 0.596078, 0.584314, 0.576471, 0.592157, 0.631373, 0.674510, 0.713726, 0.749020, 0.768627, 0.780392, 0.772549, 0.760784, 0.725490, 0.705882, 0.698039, 0.694118, 0.698039, 0.686275, 0.694118, 0.694118, 0.698039, 0.701961, 0.698039, 0.682353, 0.647059, 0.635294, 0.619608, 0.619608, 0.631373, 0.635294, 0.643137, 0.647059, 0.654902, 0.650980, 0.623529, 0.600000, 0.533333, 0.494118, 0.501961, 0.541176, 0.588235, 0.631373, 0.650980, 0.682353, 0.701961, 0.721569, 0.725490, 0.721569, 0.717647, 0.709804, 0.701961, 0.698039, 0.686275, 0.674510, 0.670588, 0.658824, 0.654902, 0.650980, 0.643137, 0.635294, 0.631373, 0.627451, 0.619608, 0.623529, 0.635294, 0.643137, 0.643137, 0.647059, 0.647059, 0.639216, 0.639216, 0.631373, 0.631373, 0.631373, 0.619608, 0.600000, 0.552941, 0.529412, 0.462745, 0.427451, 0.423529, 0.400000, 0.388235, 0.380392, 0.400000, 0.192157, 0.164706, 0.211765, 0.270588, 0.384314, 0.388235, 0.407843, 0.431373, 0.525490, 0.552941, 0.592157, 0.607843, 0.596078, 0.584314, 0.588235, 0.607843, 0.658824, 0.725490, 0.764706, 0.788235, 0.788235, 0.784314, 0.776471, 0.752941, 0.717647, 0.701961, 0.694118, 0.694118, 0.694118, 0.694118, 0.690196, 0.690196, 0.694118, 0.682353, 0.678431, 0.662745, 0.627451, 0.623529, 0.619608, 0.623529, 0.623529, 0.631373, 0.635294, 0.635294, 0.635294, 0.607843, 0.592157, 0.533333, 0.494118, 0.501961, 0.552941, 0.592157, 0.627451, 0.654902, 0.686275, 0.709804, 0.725490, 0.717647, 0.713726, 0.709804, 0.698039, 0.690196, 0.682353, 0.682353, 0.662745, 0.658824, 0.654902, 0.647059, 0.643137, 0.635294, 0.627451, 0.627451, 0.619608, 0.615686, 0.619608, 0.627451, 0.639216, 0.635294, 0.639216, 0.643137, 0.639216, 0.647059, 0.635294, 0.635294, 0.631373, 0.627451, 0.615686, 0.596078, 0.564706, 0.525490, 0.458824, 0.450980, 0.407843, 0.400000, 0.411765, 0.407843, 0.227451, 0.180392, 0.266667, 0.341176, 0.396078, 0.439216, 0.450980, 0.474510, 0.513726, 0.545098, 0.576471, 0.600000, 0.607843, 0.603922, 0.600000, 0.611765, 0.650980, 0.709804, 0.764706, 0.796078, 0.803922, 0.796078, 0.784314, 0.768627, 0.737255, 0.713726, 0.701961, 0.690196, 0.694118, 0.690196, 0.686275, 0.682353, 0.682353, 0.678431, 0.670588, 0.650980, 0.631373, 0.619608, 0.623529, 0.615686, 0.619608, 0.623529, 0.623529, 0.615686, 0.611765, 0.592157, 0.560784, 0.521569, 0.486275, 0.525490, 0.556863, 0.596078, 0.635294, 0.654902, 0.686275, 0.705882, 0.717647, 0.713726, 0.701961, 0.694118, 0.690196, 0.682353, 0.674510, 0.666667, 0.650980, 0.650980, 0.643137, 0.631373, 0.631373, 0.627451, 0.619608, 0.611765, 0.619608, 0.615686, 0.615686, 0.623529, 0.635294, 0.643137, 0.650980, 0.647059, 0.647059, 0.643137, 0.631373, 0.623529, 0.627451, 0.623529, 0.615686, 0.607843, 0.592157, 0.588235, 0.537255, 0.513726, 0.501961, 0.478431, 0.450980, 0.450980, 0.184314, 0.219608, 0.274510, 0.352941, 0.403922, 0.466667, 0.427451, 0.505882, 0.529412, 0.552941, 0.572549, 0.592157, 0.607843, 0.611765, 0.603922, 0.615686, 0.647059, 0.690196, 0.737255, 0.788235, 0.811765, 0.803922, 0.788235, 0.776471, 0.741176, 0.725490, 0.705882, 0.698039, 0.674510, 0.678431, 0.678431, 0.678431, 0.670588, 0.666667, 0.650980, 0.639216, 0.627451, 0.615686, 0.611765, 0.603922, 0.607843, 0.603922, 0.607843, 0.600000, 0.592157, 0.584314, 0.556863, 0.517647, 0.494118, 0.521569, 0.560784, 0.588235, 0.635294, 0.654902, 0.682353, 0.709804, 0.717647, 0.705882, 0.694118, 0.678431, 0.670588, 0.662745, 0.658824, 0.654902, 0.647059, 0.643137, 0.635294, 0.627451, 0.619608, 0.615686, 0.611765, 0.611765, 0.611765, 0.607843, 0.615686, 0.623529, 0.631373, 0.635294, 0.639216, 0.647059, 0.647059, 0.643137, 0.611765, 0.603922, 0.607843, 0.596078, 0.596078, 0.596078, 0.588235, 0.584314, 0.560784, 0.541176, 0.529412, 0.513726, 0.490196, 0.470588, 0.196078, 0.250980, 0.349020, 0.415686, 0.447059, 0.513726, 0.533333, 0.560784, 0.560784, 0.576471, 0.580392, 0.588235, 0.607843, 0.615686, 0.623529, 0.631373, 0.643137, 0.674510, 0.709804, 0.776471, 0.807843, 0.815686, 0.796078, 0.784314, 0.745098, 0.729412, 0.713726, 0.698039, 0.670588, 0.662745, 0.662745, 0.666667, 0.658824, 0.662745, 0.647059, 0.627451, 0.615686, 0.615686, 0.607843, 0.596078, 0.600000, 0.592157, 0.592157, 0.596078, 0.588235, 0.560784, 0.537255, 0.517647, 0.490196, 0.521569, 0.552941, 0.596078, 0.631373, 0.658824, 0.682353, 0.701961, 0.709804, 0.705882, 0.686275, 0.670588, 0.654902, 0.643137, 0.635294, 0.639216, 0.639216, 0.639216, 0.627451, 0.619608, 0.615686, 0.607843, 0.603922, 0.603922, 0.603922, 0.607843, 0.611765, 0.611765, 0.627451, 0.631373, 0.639216, 0.650980, 0.654902, 0.647059, 0.623529, 0.596078, 0.580392, 0.568627, 0.572549, 0.572549, 0.568627, 0.564706, 0.556863, 0.537255, 0.541176, 0.521569, 0.505882, 0.490196, 0.266667, 0.313726, 0.474510, 0.439216, 0.478431, 0.537255, 0.556863, 0.584314, 0.592157, 0.600000, 0.611765, 0.607843, 0.615686, 0.619608, 0.627451, 0.643137, 0.654902, 0.674510, 0.694118, 0.733333, 0.764706, 0.796078, 0.796078, 0.784314, 0.752941, 0.737255, 0.721569, 0.701961, 0.674510, 0.654902, 0.650980, 0.643137, 0.650980, 0.647059, 0.635294, 0.623529, 0.611765, 0.596078, 0.588235, 0.588235, 0.588235, 0.592157, 0.592157, 0.584314, 0.572549, 0.549020, 0.533333, 0.498039, 0.490196, 0.537255, 0.552941, 0.596078, 0.627451, 0.650980, 0.678431, 0.698039, 0.698039, 0.682353, 0.674510, 0.662745, 0.639216, 0.627451, 0.627451, 0.615686, 0.623529, 0.615686, 0.611765, 0.607843, 0.600000, 0.600000, 0.596078, 0.592157, 0.592157, 0.584314, 0.584314, 0.592157, 0.603922, 0.627451, 0.643137, 0.654902, 0.658824, 0.654902, 0.639216, 0.607843, 0.572549, 0.552941, 0.552941, 0.552941, 0.545098, 0.541176, 0.521569, 0.541176, 0.525490, 0.525490, 0.529412, 0.509804, 0.223529, 0.364706, 0.415686, 0.470588, 0.501961, 0.552941, 0.580392, 0.600000, 0.631373, 0.643137, 0.635294, 0.635294, 0.647059, 0.631373, 0.635294, 0.643137, 0.650980, 0.670588, 0.682353, 0.709804, 0.733333, 0.772549, 0.788235, 0.780392, 0.764706, 0.745098, 0.709804, 0.694118, 0.670588, 0.650980, 0.650980, 0.639216, 0.639216, 0.631373, 0.615686, 0.603922, 0.600000, 0.588235, 0.580392, 0.576471, 0.576471, 0.576471, 0.580392, 0.568627, 0.552941, 0.529412, 0.517647, 0.490196, 0.486275, 0.517647, 0.564706, 0.592157, 0.623529, 0.643137, 0.674510, 0.694118, 0.690196, 0.670588, 0.662745, 0.647059, 0.635294, 0.623529, 0.615686, 0.603922, 0.607843, 0.592157, 0.596078, 0.596078, 0.592157, 0.592157, 0.584314, 0.580392, 0.584314, 0.572549, 0.568627, 0.572549, 0.580392, 0.588235, 0.631373, 0.654902, 0.662745, 0.662745, 0.647059, 0.619608, 0.592157, 0.568627, 0.552941, 0.549020, 0.541176, 0.525490, 0.509804, 0.505882, 0.509804, 0.494118, 0.505882, 0.525490, 0.282353, 0.360784, 0.450980, 0.509804, 0.541176, 0.568627, 0.596078, 0.619608, 0.639216, 0.666667, 0.666667, 0.674510, 0.662745, 0.654902, 0.643137, 0.643137, 0.647059, 0.666667, 0.682353, 0.701961, 0.721569, 0.733333, 0.752941, 0.764706, 0.764706, 0.741176, 0.709804, 0.690196, 0.670588, 0.647059, 0.631373, 0.631373, 0.627451, 0.611765, 0.603922, 0.596078, 0.592157, 0.584314, 0.572549, 0.572549, 0.572549, 0.580392, 0.568627, 0.560784, 0.541176, 0.521569, 0.494118, 0.501961, 0.482353, 0.533333, 0.568627, 0.592157, 0.615686, 0.639216, 0.666667, 0.678431, 0.678431, 0.666667, 0.650980, 0.631373, 0.623529, 0.607843, 0.603922, 0.600000, 0.592157, 0.588235, 0.584314, 0.592157, 0.592157, 0.588235, 0.588235, 0.580392, 0.572549, 0.568627, 0.568627, 0.564706, 0.552941, 0.556863, 0.564706, 0.658824, 0.666667, 0.666667, 0.654902, 0.631373, 0.607843, 0.588235, 0.572549, 0.556863, 0.560784, 0.537255, 0.494118, 0.482353, 0.486275, 0.486275, 0.490196, 0.494118, 0.423529, 0.403922, 0.490196, 0.525490, 0.560784, 0.592157, 0.611765, 0.647059, 0.670588, 0.694118, 0.713726, 0.709804, 0.694118, 0.670588, 0.666667, 0.658824, 0.650980, 0.658824, 0.666667, 0.682353, 0.701961, 0.717647, 0.729412, 0.741176, 0.737255, 0.729412, 0.701961, 0.678431, 0.643137, 0.631373, 0.623529, 0.619608, 0.611765, 0.607843, 0.596078, 0.584314, 0.576471, 0.576471, 0.556863, 0.556863, 0.549020, 0.560784, 0.556863, 0.545098, 0.537255, 0.513726, 0.498039, 0.474510, 0.478431, 0.529412, 0.549020, 0.588235, 0.611765, 0.635294, 0.654902, 0.670588, 0.662745, 0.650980, 0.631373, 0.615686, 0.607843, 0.592157, 0.592157, 0.588235, 0.576471, 0.564706, 0.564706, 0.580392, 0.584314, 0.580392, 0.576471, 0.572549, 0.572549, 0.560784, 0.560784, 0.556863, 0.552941, 0.545098, 0.533333, 0.541176, 0.643137, 0.670588, 0.662745, 0.643137, 0.619608, 0.600000, 0.584314, 0.576471, 0.564706, 0.549020, 0.521569, 0.494118, 0.478431, 0.478431, 0.474510, 0.439216, 0.345098, 0.454902, 0.498039, 0.560784, 0.592157, 0.607843, 0.627451, 0.654902, 0.698039, 0.725490, 0.741176, 0.737255, 0.721569, 0.701961, 0.686275, 0.674510, 0.658824, 0.658824, 0.650980, 0.674510, 0.694118, 0.701961, 0.709804, 0.721569, 0.713726, 0.705882, 0.690196, 0.662745, 0.647059, 0.619608, 0.615686, 0.611765, 0.592157, 0.588235, 0.596078, 0.584314, 0.568627, 0.568627, 0.552941, 0.545098, 0.545098, 0.545098, 0.537255, 0.525490, 0.509804, 0.501961, 0.474510, 0.462745, 0.474510, 0.529412, 0.556863, 0.584314, 0.607843, 0.631373, 0.650980, 0.658824, 0.647059, 0.639216, 0.615686, 0.611765, 0.603922, 0.592157, 0.584314, 0.568627, 0.560784, 0.564706, 0.560784, 0.576471, 0.580392, 0.576471, 0.580392, 0.580392, 0.572549, 0.560784, 0.552941, 0.549020, 0.541176, 0.533333, 0.521569, 0.533333, 0.568627, 0.647059, 0.670588, 0.647059, 0.631373, 0.603922, 0.584314, 0.592157, 0.572549, 0.556863, 0.541176, 0.517647, 0.501961, 0.478431, 0.470588, 0.466667, 0.352941, 0.462745, 0.513726, 0.537255, 0.596078, 0.623529, 0.662745, 0.682353, 0.717647, 0.749020, 0.760784, 0.752941, 0.741176, 0.729412, 0.709804, 0.694118, 0.670588, 0.658824, 0.658824, 0.662745, 0.670588, 0.682353, 0.694118, 0.698039, 0.698039, 0.686275, 0.674510, 0.650980, 0.627451, 0.611765, 0.592157, 0.588235, 0.584314, 0.580392, 0.584314, 0.580392, 0.568627, 0.560784, 0.552941, 0.549020, 0.541176, 0.521569, 0.521569, 0.501961, 0.498039, 0.490196, 0.482353, 0.458824, 0.450980, 0.537255, 0.556863, 0.580392, 0.600000, 0.623529, 0.635294, 0.639216, 0.635294, 0.627451, 0.607843, 0.600000, 0.592157, 0.584314, 0.564706, 0.552941, 0.556863, 0.556863, 0.560784, 0.572549, 0.584314, 0.588235, 0.576471, 0.584314, 0.560784, 0.552941, 0.545098, 0.533333, 0.529412, 0.521569, 0.505882, 0.505882, 0.545098, 0.603922, 0.643137, 0.643137, 0.623529, 0.611765, 0.596078, 0.592157, 0.576471, 0.568627, 0.556863, 0.537255, 0.521569, 0.501961, 0.486275, 0.462745, 0.380392, 0.462745, 0.509804, 0.560784, 0.592157, 0.635294, 0.674510, 0.694118, 0.729412, 0.756863, 0.772549, 0.772549, 0.764706, 0.745098, 0.733333, 0.713726, 0.694118, 0.670588, 0.658824, 0.654902, 0.658824, 0.662745, 0.678431, 0.678431, 0.674510, 0.662745, 0.647059, 0.627451, 0.607843, 0.600000, 0.596078, 0.576471, 0.564706, 0.572549, 0.572549, 0.564706, 0.560784, 0.556863, 0.537255, 0.537255, 0.529412, 0.517647, 0.517647, 0.498039, 0.486275, 0.474510, 0.474510, 0.447059, 0.439216, 0.494118, 0.541176, 0.564706, 0.596078, 0.611765, 0.623529, 0.631373, 0.627451, 0.611765, 0.596078, 0.580392, 0.576471, 0.568627, 0.549020, 0.541176, 0.552941, 0.552941, 0.564706, 0.572549, 0.572549, 0.588235, 0.592157, 0.580392, 0.564706, 0.556863, 0.541176, 0.529412, 0.513726, 0.498039, 0.490196, 0.486275, 0.525490, 0.564706, 0.588235, 0.607843, 0.615686, 0.607843, 0.603922, 0.600000, 0.584314, 0.568627, 0.556863, 0.545098, 0.541176, 0.537255, 0.533333, 0.482353, 0.384314, 0.486275, 0.533333, 0.568627, 0.603922, 0.631373, 0.678431, 0.709804, 0.733333, 0.741176, 0.764706, 0.772549, 0.776471, 0.760784, 0.752941, 0.729412, 0.717647, 0.682353, 0.662745, 0.654902, 0.647059, 0.647059, 0.650980, 0.654902, 0.658824, 0.639216, 0.627451, 0.603922, 0.588235, 0.572549, 0.576471, 0.556863, 0.556863, 0.545098, 0.549020, 0.556863, 0.552941, 0.549020, 0.541176, 0.529412, 0.513726, 0.509804, 0.509804, 0.490196, 0.482353, 0.474510, 0.462745, 0.462745, 0.447059, 0.435294, 0.494118, 0.537255, 0.572549, 0.592157, 0.603922, 0.619608, 0.623529, 0.600000, 0.588235, 0.576471, 0.560784, 0.545098, 0.537255, 0.541176, 0.537255, 0.552941, 0.568627, 0.584314, 0.564706, 0.576471, 0.580392, 0.580392, 0.564706, 0.549020, 0.545098, 0.525490, 0.505882, 0.486275, 0.462745, 0.466667, 0.501961, 0.541176, 0.576471, 0.584314, 0.600000, 0.611765, 0.603922, 0.603922, 0.592157, 0.568627, 0.556863, 0.552941, 0.549020, 0.541176, 0.533333, 0.509804, 0.419608, 0.450980, 0.525490, 0.576471, 0.615686, 0.650980, 0.690196, 0.709804, 0.741176, 0.745098, 0.760784, 0.772549, 0.780392, 0.772549, 0.776471, 0.760784, 0.729412, 0.705882, 0.682353, 0.666667, 0.639216, 0.643137, 0.635294, 0.635294, 0.627451, 0.627451, 0.611765, 0.592157, 0.568627, 0.552941, 0.560784, 0.549020, 0.537255, 0.529412, 0.533333, 0.533333, 0.541176, 0.533333, 0.529412, 0.521569, 0.501961, 0.501961, 0.501961, 0.490196, 0.478431, 0.478431, 0.458824, 0.458824, 0.447059, 0.447059, 0.466667, 0.501961, 0.560784, 0.580392, 0.596078, 0.607843, 0.603922, 0.584314, 0.576471, 0.560784, 0.549020, 0.537255, 0.541176, 0.552941, 0.549020, 0.552941, 0.568627, 0.580392, 0.584314, 0.584314, 0.576471, 0.564706, 0.564706, 0.552941, 0.545098, 0.521569, 0.486275, 0.474510, 0.462745, 0.458824, 0.509804, 0.537255, 0.580392, 0.592157, 0.603922, 0.611765, 0.615686, 0.607843, 0.592157, 0.580392, 0.549020, 0.545098, 0.545098, 0.541176, 0.533333, 0.513726, 0.411765, 0.494118, 0.525490, 0.576471, 0.615686, 0.658824, 0.694118, 0.709804, 0.745098, 0.752941, 0.760784, 0.764706, 0.768627, 0.772549, 0.764706, 0.756863, 0.729412, 0.717647, 0.694118, 0.666667, 0.635294, 0.627451, 0.623529, 0.615686, 0.611765, 0.603922, 0.592157, 0.572549, 0.556863, 0.541176, 0.541176, 0.529412, 0.521569, 0.517647, 0.517647, 0.525490, 0.517647, 0.501961, 0.513726, 0.509804, 0.509804, 0.501961, 0.505882, 0.505882, 0.498039, 0.490196, 0.450980, 0.450980, 0.443137, 0.435294, 0.450980, 0.470588, 0.513726, 0.552941, 0.584314, 0.596078, 0.592157, 0.576471, 0.568627, 0.552941, 0.545098, 0.545098, 0.545098, 0.564706, 0.560784, 0.568627, 0.572549, 0.584314, 0.588235, 0.588235, 0.580392, 0.564706, 0.556863, 0.545098, 0.529412, 0.509804, 0.474510, 0.450980, 0.458824, 0.470588, 0.505882, 0.556863, 0.568627, 0.584314, 0.603922, 0.611765, 0.615686, 0.623529, 0.600000, 0.584314, 0.564706, 0.545098, 0.529412, 0.533333, 0.521569, 0.505882, 0.435294, 0.482353, 0.525490, 0.580392, 0.619608, 0.658824, 0.701961, 0.717647, 0.741176, 0.752941, 0.764706, 0.756863, 0.764706, 0.764706, 0.756863, 0.745098, 0.733333, 0.713726, 0.694118, 0.666667, 0.635294, 0.619608, 0.611765, 0.600000, 0.596078, 0.584314, 0.568627, 0.549020, 0.541176, 0.529412, 0.525490, 0.513726, 0.513726, 0.494118, 0.505882, 0.498039, 0.498039, 0.494118, 0.501961, 0.501961, 0.494118, 0.509804, 0.505882, 0.525490, 0.513726, 0.513726, 0.494118, 0.486275, 0.439216, 0.431373, 0.447059, 0.458824, 0.474510, 0.513726, 0.545098, 0.576471, 0.580392, 0.564706, 0.545098, 0.541176, 0.545098, 0.549020, 0.556863, 0.560784, 0.576471, 0.576471, 0.584314, 0.580392, 0.584314, 0.592157, 0.568627, 0.560784, 0.549020, 0.541176, 0.525490, 0.501961, 0.466667, 0.454902, 0.458824, 0.474510, 0.529412, 0.549020, 0.560784, 0.556863, 0.568627, 0.584314, 0.596078, 0.623529, 0.607843, 0.592157, 0.572549, 0.552941, 0.529412, 0.509804, 0.494118, 0.490196, 0.450980, 0.494118, 0.572549, 0.596078, 0.627451, 0.658824, 0.701961, 0.729412, 0.741176, 0.745098, 0.752941, 0.749020, 0.749020, 0.745098, 0.745098, 0.737255, 0.725490, 0.694118, 0.682353, 0.658824, 0.635294, 0.619608, 0.596078, 0.584314, 0.576471, 0.564706, 0.549020, 0.541176, 0.525490, 0.517647, 0.513726, 0.501961, 0.490196, 0.478431, 0.494118, 0.486275, 0.490196, 0.486275, 0.490196, 0.494118, 0.494118, 0.521569, 0.525490, 0.525490, 0.533333, 0.521569, 0.509804, 0.509804, 0.486275, 0.474510, 0.443137, 0.447059, 0.470588, 0.474510, 0.521569, 0.545098, 0.564706, 0.552941, 0.552941, 0.552941, 0.560784, 0.572549, 0.576471, 0.584314, 0.584314, 0.588235, 0.596078, 0.592157, 0.580392, 0.576471, 0.564706, 0.552941, 0.541176, 0.533333, 0.509804, 0.494118, 0.458824, 0.450980, 0.466667, 0.498039, 0.525490, 0.552941, 0.560784, 0.552941, 0.541176, 0.568627, 0.588235, 0.615686, 0.627451, 0.607843, 0.584314, 0.545098, 0.533333, 0.513726, 0.482353, 0.474510, 0.431373, 0.498039, 0.576471, 0.592157, 0.623529, 0.666667, 0.713726, 0.737255, 0.745098, 0.745098, 0.741176, 0.741176, 0.745098, 0.733333, 0.725490, 0.713726, 0.701961, 0.686275, 0.662745, 0.643137, 0.627451, 0.607843, 0.592157, 0.568627, 0.556863, 0.541176, 0.537255, 0.533333, 0.529412, 0.517647, 0.509804, 0.478431, 0.478431, 0.474510, 0.474510, 0.482353, 0.470588, 0.470588, 0.474510, 0.490196, 0.505882, 0.517647, 0.521569, 0.525490, 0.533333, 0.529412, 0.529412, 0.533333, 0.529412, 0.517647, 0.501961, 0.474510, 0.470588, 0.466667, 0.486275, 0.505882, 0.549020, 0.564706, 0.576471, 0.580392, 0.592157, 0.600000, 0.592157, 0.600000, 0.600000, 0.603922, 0.600000, 0.588235, 0.572549, 0.560784, 0.549020, 0.549020, 0.533333, 0.513726, 0.490196, 0.478431, 0.462745, 0.454902, 0.470588, 0.501961, 0.537255, 0.549020, 0.564706, 0.556863, 0.537255, 0.529412, 0.541176, 0.588235, 0.619608, 0.619608, 0.607843, 0.576471, 0.537255, 0.501961, 0.482353, 0.450980, 0.450980, 0.490196, 0.552941, 0.596078, 0.631373, 0.666667, 0.709804, 0.741176, 0.737255, 0.741176, 0.741176, 0.737255, 0.725490, 0.721569, 0.701961, 0.690196, 0.682353, 0.670588, 0.650980, 0.623529, 0.611765, 0.596078, 0.588235, 0.552941, 0.541176, 0.529412, 0.521569, 0.513726, 0.509804, 0.505882, 0.490196, 0.466667, 0.462745, 0.450980, 0.450980, 0.466667, 0.470588, 0.470588, 0.474510, 0.478431, 0.505882, 0.517647, 0.529412, 0.537255, 0.541176, 0.545098, 0.552941, 0.541176, 0.549020, 0.541176, 0.537255, 0.494118, 0.486275, 0.486275, 0.509804, 0.521569, 0.560784, 0.572549, 0.588235, 0.596078, 0.603922, 0.611765, 0.607843, 0.611765, 0.611765, 0.603922, 0.600000, 0.588235, 0.572549, 0.560784, 0.533333, 0.529412, 0.533333, 0.505882, 0.486275, 0.466667, 0.458824, 0.478431, 0.490196, 0.525490, 0.541176, 0.556863, 0.568627, 0.552941, 0.537255, 0.525490, 0.525490, 0.537255, 0.564706, 0.596078, 0.611765, 0.592157, 0.568627, 0.533333, 0.490196, 0.439216, 0.454902, 0.501961, 0.537255, 0.611765, 0.639216, 0.682353, 0.717647, 0.741176, 0.749020, 0.745098, 0.741176, 0.733333, 0.713726, 0.705882, 0.686275, 0.678431, 0.662745, 0.654902, 0.635294, 0.611765, 0.596078, 0.572549, 0.568627, 0.556863, 0.529412, 0.517647, 0.501961, 0.501961, 0.498039, 0.505882, 0.470588, 0.462745, 0.454902, 0.447059, 0.458824, 0.462745, 0.462745, 0.466667, 0.474510, 0.494118, 0.501961, 0.513726, 0.529412, 0.533333, 0.545098, 0.552941, 0.552941, 0.549020, 0.572549, 0.584314, 0.560784, 0.564706, 0.537255, 0.525490, 0.533333, 0.564706, 0.580392, 0.592157, 0.600000, 0.611765, 0.615686, 0.623529, 0.615686, 0.611765, 0.607843, 0.603922, 0.596078, 0.572549, 0.568627, 0.556863, 0.541176, 0.521569, 0.498039, 0.490196, 0.462745, 0.454902, 0.462745, 0.486275, 0.509804, 0.525490, 0.549020, 0.560784, 0.572549, 0.552941, 0.541176, 0.525490, 0.521569, 0.521569, 0.525490, 0.541176, 0.556863, 0.568627, 0.572549, 0.537255, 0.505882, 0.462745, 0.486275, 0.509804, 0.560784, 0.611765, 0.650980, 0.682353, 0.717647, 0.741176, 0.749020, 0.745098, 0.741176, 0.733333, 0.721569, 0.709804, 0.682353, 0.670588, 0.658824, 0.639216, 0.623529, 0.603922, 0.584314, 0.564706, 0.537255, 0.525490, 0.517647, 0.509804, 0.486275, 0.454902, 0.478431, 0.482353, 0.470588, 0.443137, 0.450980, 0.447059, 0.450980, 0.447059, 0.462745, 0.466667, 0.486275, 0.498039, 0.501961, 0.513726, 0.525490, 0.537255, 0.541176, 0.552941, 0.560784, 0.576471, 0.580392, 0.576471, 0.576471, 0.580392, 0.576471, 0.568627, 0.560784, 0.568627, 0.600000, 0.607843, 0.596078, 0.623529, 0.619608, 0.623529, 0.623529, 0.615686, 0.611765, 0.603922, 0.592157, 0.584314, 0.576471, 0.560784, 0.533333, 0.521569, 0.486275, 0.462745, 0.466667, 0.478431, 0.478431, 0.501961, 0.521569, 0.541176, 0.564706, 0.564706, 0.580392, 0.568627, 0.541176, 0.525490, 0.517647, 0.517647, 0.509804, 0.521569, 0.521569, 0.529412, 0.545098, 0.545098, 0.533333, 0.462745, 0.509804, 0.525490, 0.556863, 0.607843, 0.654902, 0.694118, 0.725490, 0.745098, 0.749020, 0.745098, 0.737255, 0.725490, 0.721569, 0.705882, 0.682353, 0.654902, 0.647059, 0.627451, 0.603922, 0.576471, 0.560784, 0.541176, 0.517647, 0.498039, 0.490196, 0.486275, 0.486275, 0.470588, 0.450980, 0.458824, 0.462745, 0.443137, 0.447059, 0.443137, 0.450980, 0.454902, 0.482353, 0.470588, 0.486275, 0.501961, 0.513726, 0.529412, 0.529412, 0.537255, 0.549020, 0.560784, 0.564706, 0.584314, 0.596078, 0.600000, 0.592157, 0.588235, 0.588235, 0.584314, 0.592157, 0.592157, 0.607843, 0.623529, 0.623529, 0.627451, 0.635294, 0.627451, 0.627451, 0.623529, 0.615686, 0.607843, 0.600000, 0.596078, 0.576471, 0.552941, 0.529412, 0.513726, 0.490196, 0.482353, 0.474510, 0.490196, 0.501961, 0.521569, 0.533333, 0.541176, 0.568627, 0.584314, 0.592157, 0.600000, 0.560784, 0.541176, 0.529412, 0.529412, 0.529412, 0.517647, 0.505882, 0.521569, 0.537255, 0.549020, 0.549020, 0.603922, 0.537255, 0.556863, 0.580392, 0.611765, 0.658824, 0.698039, 0.737255, 0.760784, 0.752941, 0.749020, 0.745098, 0.725490, 0.717647, 0.705882, 0.682353, 0.647059, 0.635294, 0.611765, 0.588235, 0.556863, 0.525490, 0.517647, 0.466667, 0.490196, 0.474510, 0.474510, 0.470588, 0.466667, 0.443137, 0.439216, 0.435294, 0.439216, 0.454902, 0.443137, 0.458824, 0.458824, 0.474510, 0.478431, 0.494118, 0.498039, 0.517647, 0.529412, 0.533333, 0.545098, 0.556863, 0.568627, 0.580392, 0.588235, 0.596078, 0.596078, 0.600000, 0.600000, 0.603922, 0.600000, 0.603922, 0.619608, 0.627451, 0.631373, 0.639216, 0.643137, 0.639216, 0.635294, 0.631373, 0.631373, 0.619608, 0.611765, 0.607843, 0.592157, 0.560784, 0.545098, 0.517647, 0.498039, 0.482353, 0.478431, 0.486275, 0.505882, 0.521569, 0.529412, 0.537255, 0.552941, 0.572549, 0.580392, 0.600000, 0.611765, 0.615686, 0.600000, 0.572549, 0.564706, 0.552941, 0.545098, 0.533333, 0.529412, 0.541176, 0.537255, 0.541176, 0.549020, 0.564706, 0.564706, 0.600000, 0.635294, 0.662745, 0.686275, 0.745098, 0.764706, 0.760784, 0.760784, 0.745098, 0.717647, 0.709804, 0.705882, 0.678431, 0.654902, 0.627451, 0.603922, 0.576471, 0.549020, 0.525490, 0.509804, 0.482353, 0.474510, 0.474510, 0.466667, 0.466667, 0.462745, 0.466667, 0.443137, 0.439216, 0.447059, 0.454902, 0.458824, 0.447059, 0.462745, 0.474510, 0.466667, 0.494118, 0.509804, 0.521569, 0.537255, 0.549020, 0.549020, 0.560784, 0.576471, 0.584314, 0.596078, 0.603922, 0.600000, 0.603922, 0.607843, 0.611765, 0.607843, 0.615686, 0.619608, 0.635294, 0.643137, 0.647059, 0.647059, 0.650980, 0.647059, 0.643137, 0.635294, 0.631373, 0.615686, 0.603922, 0.576471, 0.549020, 0.521569, 0.501961, 0.494118, 0.490196, 0.494118, 0.498039, 0.509804, 0.529412, 0.537255, 0.560784, 0.568627, 0.580392, 0.596078, 0.603922, 0.615686, 0.627451, 0.635294, 0.627451, 0.615686, 0.584314, 0.556863, 0.545098, 0.549020, 0.545098, 0.541176, 0.537255, 0.537255, 0.576471, 0.596078, 0.619608, 0.658824, 0.686275, 0.709804, 0.745098, 0.756863, 0.760784, 0.768627, 0.756863, 0.729412, 0.713726, 0.698039, 0.678431, 0.650980, 0.623529, 0.603922, 0.564706, 0.533333, 0.521569, 0.505882, 0.486275, 0.470588, 0.474510, 0.470588, 0.462745, 0.458824, 0.450980, 0.447059, 0.450980, 0.447059, 0.450980, 0.447059, 0.454902, 0.470588, 0.478431, 0.494118, 0.498039, 0.517647, 0.529412, 0.545098, 0.560784, 0.568627, 0.580392, 0.588235, 0.592157, 0.603922, 0.607843, 0.611765, 0.607843, 0.611765, 0.615686, 0.611765, 0.623529, 0.619608, 0.639216, 0.650980, 0.647059, 0.654902, 0.658824, 0.658824, 0.654902, 0.639216, 0.623529, 0.607843, 0.588235, 0.556863, 0.533333, 0.509804, 0.474510, 0.470588, 0.505882, 0.509804, 0.525490, 0.529412, 0.552941, 0.560784, 0.576471, 0.580392, 0.588235, 0.600000, 0.611765, 0.623529, 0.631373, 0.647059, 0.654902, 0.643137, 0.615686, 0.584314, 0.560784, 0.560784, 0.564706, 0.560784, 0.560784, 0.560784, 0.603922, 0.619608, 0.635294, 0.682353, 0.709804, 0.729412, 0.741176, 0.760784, 0.764706, 0.772549, 0.768627, 0.737255, 0.721569, 0.698039, 0.678431, 0.650980, 0.623529, 0.603922, 0.560784, 0.556863, 0.533333, 0.509804, 0.498039, 0.482353, 0.466667, 0.458824, 0.466667, 0.447059, 0.443137, 0.443137, 0.450980, 0.439216, 0.443137, 0.450980, 0.470588, 0.474510, 0.474510, 0.501961, 0.509804, 0.521569, 0.545098, 0.549020, 0.564706, 0.576471, 0.592157, 0.603922, 0.611765, 0.611765, 0.623529, 0.619608, 0.619608, 0.619608, 0.619608, 0.623529, 0.623529, 0.615686, 0.635294, 0.635294, 0.647059, 0.654902, 0.654902, 0.654902, 0.643137, 0.635294, 0.611765, 0.592157, 0.572549, 0.537255, 0.505882, 0.490196, 0.474510, 0.482353, 0.498039, 0.525490, 0.549020, 0.564706, 0.568627, 0.576471, 0.592157, 0.596078, 0.603922, 0.611765, 0.627451, 0.635294, 0.643137, 0.654902, 0.666667, 0.658824, 0.639216, 0.631373, 0.588235, 0.580392, 0.576471, 0.568627, 0.568627, 0.568627, 0.627451, 0.647059, 0.666667, 0.686275, 0.721569, 0.729412, 0.729412, 0.756863, 0.776471, 0.780392, 0.772549, 0.745098, 0.721569, 0.701961, 0.678431, 0.635294, 0.611765, 0.592157, 0.584314, 0.560784, 0.537255, 0.513726, 0.498039, 0.486275, 0.466667, 0.450980, 0.458824, 0.439216, 0.439216, 0.443137, 0.447059, 0.443137, 0.439216, 0.450980, 0.458824, 0.474510, 0.478431, 0.490196, 0.513726, 0.529412, 0.545098, 0.556863, 0.572549, 0.588235, 0.600000, 0.607843, 0.627451, 0.631373, 0.639216, 0.631373, 0.631373, 0.627451, 0.627451, 0.631373, 0.631373, 0.623529, 0.631373, 0.627451, 0.635294, 0.635294, 0.635294, 0.635294, 0.627451, 0.611765, 0.596078, 0.564706, 0.549020, 0.517647, 0.482353, 0.474510, 0.462745, 0.482353, 0.513726, 0.541176, 0.568627, 0.580392, 0.592157, 0.596078, 0.596078, 0.603922, 0.619608, 0.627451, 0.631373, 0.647059, 0.650980, 0.662745, 0.666667, 0.666667, 0.658824, 0.647059, 0.631373, 0.619608, 0.615686, 0.607843, 0.600000, 0.596078, 0.647059, 0.670588, 0.686275, 0.701961, 0.733333, 0.737255, 0.745098, 0.745098, 0.760784, 0.776471, 0.780392, 0.760784, 0.729412, 0.705882, 0.670588, 0.654902, 0.615686, 0.592157, 0.572549, 0.560784, 0.529412, 0.513726, 0.494118, 0.478431, 0.470588, 0.447059, 0.411765, 0.431373, 0.435294, 0.439216, 0.439216, 0.439216, 0.435294, 0.450980, 0.454902, 0.462745, 0.486275, 0.501961, 0.517647, 0.533333, 0.556863, 0.568627, 0.588235, 0.600000, 0.607843, 0.627451, 0.643137, 0.647059, 0.631373, 0.643137, 0.643137, 0.639216, 0.643137, 0.631373, 0.627451, 0.631373, 0.627451, 0.623529, 0.627451, 0.623529, 0.623529, 0.619608, 0.611765, 0.592157, 0.568627, 0.529412, 0.525490, 0.486275, 0.470588, 0.454902, 0.470588, 0.486275, 0.521569, 0.549020, 0.576471, 0.600000, 0.607843, 0.615686, 0.623529, 0.623529, 0.635294, 0.643137, 0.643137, 0.654902, 0.662745, 0.670588, 0.670588, 0.670588, 0.658824, 0.654902, 0.643137, 0.639216, 0.631373, 0.619608, 0.615686, 0.615686, 0.690196, 0.713726, 0.713726, 0.717647, 0.729412, 0.729412, 0.737255, 0.749020, 0.749020, 0.756863, 0.784314, 0.776471, 0.749020, 0.721569, 0.690196, 0.654902, 0.623529, 0.588235, 0.560784, 0.552941, 0.529412, 0.509804, 0.498039, 0.482353, 0.474510, 0.462745, 0.439216, 0.454902, 0.431373, 0.443137, 0.450980, 0.439216, 0.435294, 0.458824, 0.447059, 0.466667, 0.490196, 0.509804, 0.525490, 0.545098, 0.568627, 0.576471, 0.596078, 0.615686, 0.631373, 0.639216, 0.647059, 0.654902, 0.650980, 0.654902, 0.654902, 0.647059, 0.643137, 0.639216, 0.635294, 0.627451, 0.623529, 0.623529, 0.611765, 0.611765, 0.607843, 0.600000, 0.592157, 0.572549, 0.537255, 0.521569, 0.498039, 0.478431, 0.462745, 0.447059, 0.470588, 0.494118, 0.533333, 0.568627, 0.580392, 0.607843, 0.623529, 0.631373, 0.643137, 0.647059, 0.654902, 0.658824, 0.654902, 0.662745, 0.670588, 0.666667, 0.670588, 0.670588, 0.658824, 0.654902, 0.643137, 0.631373, 0.627451, 0.619608, 0.607843, 0.603922, 0.709804, 0.733333, 0.733333, 0.725490, 0.733333, 0.737255, 0.737255, 0.741176, 0.745098, 0.752941, 0.764706, 0.768627, 0.752941, 0.733333, 0.698039, 0.654902, 0.631373, 0.588235, 0.560784, 0.549020, 0.529412, 0.517647, 0.494118, 0.482353, 0.482353, 0.466667, 0.447059, 0.450980, 0.439216, 0.435294, 0.450980, 0.431373, 0.450980, 0.454902, 0.458824, 0.470588, 0.490196, 0.505882, 0.533333, 0.556863, 0.576471, 0.592157, 0.607843, 0.623529, 0.639216, 0.647059, 0.650980, 0.654902, 0.662745, 0.662745, 0.662745, 0.654902, 0.650980, 0.647059, 0.639216, 0.627451, 0.623529, 0.611765, 0.607843, 0.603922, 0.592157, 0.580392, 0.564706, 0.568627, 0.529412, 0.501961, 0.478431, 0.454902, 0.443137, 0.435294, 0.482353, 0.505882, 0.549020, 0.576471, 0.596078, 0.619608, 0.631373, 0.647059, 0.654902, 0.662745, 0.670588, 0.670588, 0.670588, 0.674510, 0.674510, 0.678431, 0.670588, 0.670588, 0.658824, 0.647059, 0.639216, 0.627451, 0.627451, 0.619608, 0.607843, 0.600000, 0.725490, 0.745098, 0.749020, 0.737255, 0.733333, 0.741176, 0.737255, 0.741176, 0.749020, 0.749020, 0.756863, 0.760784, 0.745098, 0.733333, 0.701961, 0.682353, 0.627451, 0.588235, 0.556863, 0.545098, 0.537255, 0.521569, 0.498039, 0.494118, 0.474510, 0.470588, 0.462745, 0.454902, 0.447059, 0.439216, 0.431373, 0.443137, 0.435294, 0.439216, 0.454902, 0.478431, 0.498039, 0.505882, 0.537255, 0.552941, 0.576471, 0.600000, 0.619608, 0.627451, 0.643137, 0.647059, 0.654902, 0.654902, 0.666667, 0.662745, 0.658824, 0.658824, 0.658824, 0.643137, 0.635294, 0.623529, 0.607843, 0.592157, 0.584314, 0.584314, 0.572549, 0.560784, 0.549020, 0.529412, 0.509804, 0.482353, 0.462745, 0.427451, 0.407843, 0.431373, 0.478431, 0.505882, 0.560784, 0.576471, 0.607843, 0.623529, 0.647059, 0.662745, 0.670588, 0.682353, 0.690196, 0.694118, 0.694118, 0.686275, 0.682353, 0.678431, 0.670588, 0.658824, 0.654902, 0.650980, 0.635294, 0.627451, 0.619608, 0.611765, 0.607843, 0.603922, 0.745098, 0.756863, 0.749020, 0.737255, 0.733333, 0.741176, 0.752941, 0.745098, 0.741176, 0.745098, 0.764706, 0.760784, 0.741176, 0.717647, 0.713726, 0.678431, 0.647059, 0.611765, 0.564706, 0.552941, 0.537255, 0.513726, 0.509804, 0.501961, 0.494118, 0.486275, 0.462745, 0.501961, 0.466667, 0.458824, 0.450980, 0.447059, 0.443137, 0.454902, 0.458824, 0.470588, 0.501961, 0.517647, 0.537255, 0.560784, 0.572549, 0.600000, 0.615686, 0.631373, 0.647059, 0.658824, 0.658824, 0.654902, 0.666667, 0.654902, 0.662745, 0.658824, 0.647059, 0.639216, 0.623529, 0.611765, 0.600000, 0.588235, 0.568627, 0.564706, 0.552941, 0.541176, 0.517647, 0.513726, 0.482353, 0.466667, 0.447059, 0.435294, 0.431373, 0.454902, 0.494118, 0.517647, 0.564706, 0.592157, 0.619608, 0.639216, 0.666667, 0.674510, 0.690196, 0.701961, 0.705882, 0.705882, 0.705882, 0.694118, 0.686275, 0.674510, 0.666667, 0.662745, 0.650980, 0.643137, 0.639216, 0.631373, 0.607843, 0.603922, 0.603922, 0.600000, 0.745098, 0.760784, 0.760784, 0.737255, 0.737255, 0.741176, 0.745098, 0.745098, 0.745098, 0.737255, 0.741176, 0.760784, 0.749020, 0.717647, 0.694118, 0.678431, 0.647059, 0.607843, 0.584314, 0.545098, 0.537255, 0.533333, 0.509804, 0.509804, 0.498039, 0.490196, 0.470588, 0.470588, 0.466667, 0.454902, 0.447059, 0.435294, 0.435294, 0.439216, 0.462745, 0.474510, 0.494118, 0.513726, 0.533333, 0.552941, 0.584314, 0.600000, 0.623529, 0.631373, 0.650980, 0.654902, 0.654902, 0.658824, 0.658824, 0.650980, 0.650980, 0.647059, 0.639216, 0.631373, 0.615686, 0.580392, 0.584314, 0.564706, 0.564706, 0.521569, 0.533333, 0.521569, 0.501961, 0.490196, 0.478431, 0.447059, 0.443137, 0.431373, 0.435294, 0.470588, 0.505882, 0.545098, 0.572549, 0.600000, 0.631373, 0.643137, 0.670588, 0.694118, 0.705882, 0.717647, 0.717647, 0.713726, 0.705882, 0.694118, 0.686275, 0.678431, 0.666667, 0.658824, 0.643137, 0.635294, 0.635294, 0.627451, 0.611765, 0.603922, 0.603922, 0.596078, 0.741176, 0.749020, 0.760784, 0.749020, 0.741176, 0.741176, 0.745098, 0.745098, 0.749020, 0.737255, 0.729412, 0.749020, 0.749020, 0.721569, 0.690196, 0.674510, 0.650980, 0.615686, 0.592157, 0.549020, 0.537255, 0.521569, 0.517647, 0.509804, 0.494118, 0.486275, 0.486275, 0.474510, 0.458824, 0.458824, 0.443137, 0.454902, 0.439216, 0.450980, 0.466667, 0.474510, 0.498039, 0.521569, 0.537255, 0.556863, 0.584314, 0.603922, 0.619608, 0.631373, 0.643137, 0.647059, 0.654902, 0.650980, 0.654902, 0.647059, 0.643137, 0.631373, 0.623529, 0.615686, 0.603922, 0.580392, 0.564706, 0.549020, 0.541176, 0.521569, 0.494118, 0.486275, 0.482353, 0.470588, 0.466667, 0.450980, 0.447059, 0.447059, 0.450980, 0.501961, 0.517647, 0.556863, 0.584314, 0.607843, 0.635294, 0.650980, 0.686275, 0.701961, 0.713726, 0.729412, 0.729412, 0.713726, 0.701961, 0.694118, 0.682353, 0.678431, 0.662745, 0.654902, 0.643137, 0.631373, 0.627451, 0.611765, 0.603922, 0.600000, 0.600000, 0.592157, 0.756863, 0.752941, 0.752941, 0.749020, 0.745098, 0.741176, 0.749020, 0.745098, 0.745098, 0.733333, 0.733333, 0.737255, 0.745098, 0.729412, 0.701961, 0.678431, 0.650980, 0.623529, 0.596078, 0.552941, 0.533333, 0.517647, 0.501961, 0.513726, 0.486275, 0.490196, 0.482353, 0.474510, 0.462745, 0.462745, 0.466667, 0.458824, 0.454902, 0.454902, 0.482353, 0.478431, 0.501961, 0.509804, 0.529412, 0.552941, 0.580392, 0.592157, 0.607843, 0.623529, 0.635294, 0.631373, 0.639216, 0.635294, 0.639216, 0.627451, 0.623529, 0.619608, 0.603922, 0.576471, 0.580392, 0.556863, 0.541176, 0.525490, 0.509804, 0.494118, 0.470588, 0.431373, 0.435294, 0.431373, 0.439216, 0.439216, 0.447059, 0.450980, 0.478431, 0.501961, 0.537255, 0.576471, 0.600000, 0.619608, 0.647059, 0.662745, 0.694118, 0.705882, 0.721569, 0.729412, 0.729412, 0.717647, 0.705882, 0.694118, 0.678431, 0.666667, 0.658824, 0.650980, 0.639216, 0.631373, 0.615686, 0.607843, 0.600000, 0.600000, 0.596078, 0.588235, 0.776471, 0.772549, 0.760784, 0.749020, 0.745098, 0.749020, 0.752941, 0.749020, 0.741176, 0.737255, 0.729412, 0.737255, 0.741176, 0.725490, 0.713726, 0.678431, 0.654902, 0.619608, 0.592157, 0.552941, 0.533333, 0.517647, 0.501961, 0.501961, 0.494118, 0.454902, 0.482353, 0.470588, 0.458824, 0.466667, 0.462745, 0.454902, 0.450980, 0.462745, 0.474510, 0.482353, 0.498039, 0.513726, 0.537255, 0.549020, 0.568627, 0.580392, 0.600000, 0.615686, 0.623529, 0.627451, 0.627451, 0.623529, 0.619608, 0.611765, 0.603922, 0.580392, 0.580392, 0.568627, 0.549020, 0.541176, 0.517647, 0.494118, 0.474510, 0.458824, 0.447059, 0.439216, 0.411765, 0.419608, 0.431373, 0.419608, 0.454902, 0.470588, 0.498039, 0.525490, 0.560784, 0.588235, 0.611765, 0.627451, 0.658824, 0.674510, 0.694118, 0.709804, 0.721569, 0.729412, 0.729412, 0.717647, 0.705882, 0.694118, 0.678431, 0.666667, 0.650980, 0.643137, 0.631373, 0.615686, 0.615686, 0.611765, 0.600000, 0.592157, 0.592157, 0.584314, 0.784314, 0.788235, 0.792157, 0.772549, 0.749020, 0.733333, 0.741176, 0.749020, 0.749020, 0.737255, 0.721569, 0.721569, 0.733333, 0.717647, 0.690196, 0.666667, 0.647059, 0.623529, 0.603922, 0.568627, 0.525490, 0.517647, 0.505882, 0.501961, 0.486275, 0.486275, 0.490196, 0.478431, 0.474510, 0.462745, 0.462745, 0.454902, 0.454902, 0.462745, 0.462745, 0.458824, 0.490196, 0.505882, 0.525490, 0.545098, 0.572549, 0.588235, 0.596078, 0.600000, 0.611765, 0.607843, 0.607843, 0.607843, 0.596078, 0.588235, 0.580392, 0.568627, 0.549020, 0.537255, 0.525490, 0.513726, 0.482353, 0.458824, 0.450980, 0.419608, 0.415686, 0.407843, 0.396078, 0.407843, 0.400000, 0.431373, 0.462745, 0.490196, 0.509804, 0.537255, 0.576471, 0.600000, 0.619608, 0.643137, 0.666667, 0.690196, 0.709804, 0.721569, 0.729412, 0.729412, 0.717647, 0.713726, 0.709804, 0.690196, 0.670588, 0.662745, 0.654902, 0.643137, 0.623529, 0.611765, 0.611765, 0.596078, 0.596078, 0.592157, 0.584314, 0.576471, 0.807843, 0.784314, 0.788235, 0.776471, 0.768627, 0.745098, 0.745098, 0.749020, 0.741176, 0.737255, 0.725490, 0.721569, 0.721569, 0.717647, 0.694118, 0.666667, 0.639216, 0.619608, 0.596078, 0.564706, 0.533333, 0.517647, 0.509804, 0.494118, 0.486275, 0.486275, 0.482353, 0.470588, 0.474510, 0.458824, 0.462745, 0.450980, 0.450980, 0.450980, 0.462745, 0.474510, 0.490196, 0.509804, 0.521569, 0.545098, 0.552941, 0.564706, 0.584314, 0.584314, 0.584314, 0.588235, 0.580392, 0.584314, 0.564706, 0.560784, 0.545098, 0.537255, 0.529412, 0.509804, 0.501961, 0.466667, 0.439216, 0.443137, 0.415686, 0.407843, 0.407843, 0.396078, 0.400000, 0.400000, 0.392157, 0.439216, 0.490196, 0.501961, 0.529412, 0.564706, 0.596078, 0.619608, 0.635294, 0.658824, 0.678431, 0.694118, 0.721569, 0.733333, 0.737255, 0.733333, 0.717647, 0.705882, 0.701961, 0.690196, 0.674510, 0.662745, 0.650980, 0.643137, 0.627451, 0.619608, 0.607843, 0.600000, 0.588235, 0.584314, 0.576471, 0.564706, 0.819608, 0.827451, 0.811765, 0.792157, 0.776471, 0.760784, 0.760784, 0.752941, 0.749020, 0.745098, 0.729412, 0.721569, 0.713726, 0.717647, 0.698039, 0.658824, 0.639216, 0.615686, 0.596078, 0.568627, 0.537255, 0.517647, 0.513726, 0.494118, 0.494118, 0.486275, 0.474510, 0.454902, 0.466667, 0.450980, 0.443137, 0.458824, 0.447059, 0.443137, 0.458824, 0.462745, 0.494118, 0.513726, 0.525490, 0.533333, 0.549020, 0.564706, 0.564706, 0.568627, 0.568627, 0.568627, 0.560784, 0.560784, 0.552941, 0.537255, 0.529412, 0.505882, 0.505882, 0.486275, 0.454902, 0.450980, 0.407843, 0.415686, 0.388235, 0.388235, 0.388235, 0.396078, 0.400000, 0.407843, 0.427451, 0.454902, 0.490196, 0.545098, 0.556863, 0.588235, 0.607843, 0.631373, 0.650980, 0.666667, 0.694118, 0.709804, 0.721569, 0.737255, 0.737255, 0.733333, 0.721569, 0.709804, 0.698039, 0.682353, 0.670588, 0.662745, 0.654902, 0.650980, 0.627451, 0.615686, 0.611765, 0.603922, 0.588235, 0.580392, 0.568627, 0.55686[0;31mE (6681) task_wdt: Task watchdog got triggered. The following tasks/users did not reset the watchdog in time:[0m
[0;31mE (6681) task_wdt:  - IDLE0 (CPU 0)[0m
[0;31mE (6681) task_wdt: Tasks currently running:[0m
[0;31mE (6681) task_wdt: CPU 0: tf_main[0m
[0;31mE (6681) task_wdt: CPU 1: IDLE1[0m
[0;31mE (6681) task_wdt: Print CPU 0 (current core) backtrace[0m


Backtrace: 0x400EFF24:0x3FFB11B0 0x40084595:0x3FFB11E0 0x400D5476:0x3FFB6B60 0x400D6066:0x3FFB6B90 0x400D6DD9:0x3FFB6BC0 0x4000BD83:0x3FFB6BE0 0x4000182A:0x3FFB6C00 0x400D69FD:0x3FFB6C20 0x400D6DD9:0x3FFB6C40 0x40086E95:0x3FFB6C60 0x40086315:0x3FFB6C80 0x4008636A:0x3FFB6CA0 0x40086837:0x3FFB6CC0 0x400F6D4B:0x3FFB6CF0 0x400F6715:0x3FFB6D10 0x400F8C17:0x3FFB7030 0x400D871B:0x3FFB7080 0x400D858E:0x3FFB70A0 0x400D7FF2:0x3FFB70E0

3, 0.807843, 0.815686, 0.827451, 0.819608, 0.796078, 0.772549, 0.760784, 0.752941, 0.756863, 0.749020, 0.733333, 0.717647, 0.709804, 0.705882, 0.701961, 0.670588, 0.647059, 0.615686, 0.592157, 0.576471, 0.529412, 0.513726, 0.498039, 0.490196, 0.478431, 0.470588, 0.466667, 0.462745, 0.439216, 0.435294, 0.447059, 0.427451, 0.439216, 0.439216, 0.454902, 0.458824, 0.482353, 0.498039, 0.513726, 0.529412, 0.541176, 0.533333, 0.549020, 0.552941, 0.556863, 0.549020, 0.541176, 0.537255, 0.521569, 0.517647, 0.498039, 0.486275, 0.474510, 0.450980, 0.435294, 0.419608, 0.407843, 0.392157, 0.376471, 0.380392, 0.368627, 0.384314, 0.403922, 0.415686, 0.450980, 0.490196, 0.509804, 0.541176, 0.576471, 0.596078, 0.627451, 0.643137, 0.670588, 0.682353, 0.705882, 0.717647, 0.725490, 0.733333, 0.737255, 0.733333, 0.717647, 0.709804, 0.698039, 0.682353, 0.666667, 0.658824, 0.647059, 0.635294, 0.623529, 0.619608, 0.607843, 0.600000, 0.588235, 0.584314, 0.568627, 0.560784, 0.823529, 0.811765, 0.807843, 0.823529, 0.819608, 0.800000, 0.780392, 0.768627, 0.760784, 0.752941, 0.749020, 0.725490, 0.713726, 0.705882, 0.698039, 0.670588, 0.647059, 0.619608, 0.600000, 0.584314, 0.545098, 0.509804, 0.490196, 0.490196, 0.474510, 0.466667, 0.450980, 0.447059, 0.439216, 0.439216, 0.435294, 0.439216, 0.435294, 0.431373, 0.443137, 0.450980, 0.470588, 0.486275, 0.490196, 0.513726, 0.529412, 0.545098, 0.552941, 0.549020, 0.541176, 0.537255, 0.529412, 0.517647, 0.505882, 0.494118, 0.478431, 0.458824, 0.439216, 0.431373, 0.423529, 0.411765, 0.392157, 0.372549, 0.380392, 0.376471, 0.380392, 0.392157, 0.423529, 0.439216, 0.482353, 0.505882, 0.549020, 0.564706, 0.592157, 0.607843, 0.643137, 0.658824, 0.682353, 0.694118, 0.709804, 0.721569, 0.729412, 0.737255, 0.737255, 0.733333, 0.717647, 0.705882, 0.694118, 0.682353, 0.666667, 0.658824, 0.643137, 0.631373, 0.615686, 0.611765, 0.603922, 0.592157, 0.584314, 0.580392, 0.564706, 0.560784, 0.858824, 0.847059, 0.827451, 0.803922, 0.807843, 0.788235, 0.780392, 0.776471, 0.764706, 0.749020, 0.737255, 0.717647, 0.705882, 0.709804, 0.705882, 0.686275, 0.643137, 0.619608, 0.596078, 0.580392, 0.560784, 0.525490, 0.494118, 0.490196, 0.466667, 0.466667, 0.462745, 0.435294, 0.443137, 0.439216, 0.431373, 0.419608, 0.407843, 0.427451, 0.427451, 0.443137, 0.458824, 0.474510, 0.470588, 0.498039, 0.505882, 0.525490, 0.533333, 0.529412, 0.525490, 0.517647, 0.501961, 0.486275, 0.478431, 0.466667, 0.447059, 0.454902, 0.427451, 0.415686, 0.396078, 0.380392, 0.360784, 0.376471, 0.364706, 0.360784, 0.392157, 0.400000, 0.427451, 0.458824, 0.498039, 0.521569, 0.564706, 0.584314, 0.607843, 0.635294, 0.654902, 0.674510, 0.698039, 0.709804, 0.721569, 0.729412, 0.745098, 0.745098, 0.741176, 0.729412, 0.717647, 0.705882, 0.694118, 0.682353, 0.666667, 0.658824, 0.639216, 0.631373, 0.619608, 0.607843, 0.603922, 0.592157, 0.576471, 0.572549, 0.560784, 0.560784, 0.870588, 0.878431, 0.854902, 0.847059, 0.803922, 0.784314, 0.764706, 0.756863, 0.749020, 0.749020, 0.741176, 0.721569, 0.709804, 0.698039, 0.694118, 0.686275, 0.658824, 0.603922, 0.592157, 0.568627, 0.556863, 0.525490, 0.486275, 0.486275, 0.474510, 0.450980, 0.454902, 0.450980, 0.443137, 0.411765, 0.411765, 0.419608, 0.407843, 0.403922, 0.411765, 0.403922, 0.423529, 0.439216, 0.490196, 0.486275, 0.494118, 0.505882, 0.521569, 0.513726, 0.505882, 0.498039, 0.486275, 0.470588, 0.462745, 0.450980, 0.439216, 0.423529, 0.415686, 0.380392, 0.368627, 0.364706, 0.356863, 0.368627, 0.329412, 0.360784, 0.388235, 0.403922, 0.466667, 0.482353, 0.517647, 0.549020, 0.576471, 0.596078, 0.627451, 0.647059, 0.670588, 0.686275, 0.705882, 0.721569, 0.729412, 0.737255, 0.749020, 0.749020, 0.741176, 0.737255, 0.721569, 0.709804, 0.701961, 0.686275, 0.678431, 0.662745, 0.647059, 0.635294, 0.615686, 0.607843, 0.603922, 0.588235, 0.576471, 0.568627, 0.560784, 0.556863, 0.862745, 0.870588, 0.878431, 0.858824, 0.843137, 0.819608, 0.784314, 0.760784, 0.737255, 0.733333, 0.725490, 0.721569, 0.709804, 0.698039, 0.686275, 0.686275, 0.662745, 0.631373, 0.607843, 0.576471, 0.552941, 0.525490, 0.505882, 0.478431, 0.466667, 0.458824, 0.443137, 0.443137, 0.427451, 0.415686, 0.447059, 0.427451, 0.407843, 0.400000, 0.396078, 0.403922, 0.403922, 0.419608, 0.439216, 0.447059, 0.482353, 0.482353, 0.482353, 0.478431, 0.478431, 0.466667, 0.462745, 0.462745, 0.439216, 0.431373, 0.419608, 0.415686, 0.372549, 0.380392, 0.356863, 0.360784, 0.333333, 0.360784, 0.345098, 0.356863, 0.403922, 0.427451, 0.482353, 0.501961, 0.549020, 0.576471, 0.596078, 0.619608, 0.643137, 0.666667, 0.682353, 0.701961, 0.717647, 0.729412, 0.741176, 0.749020, 0.745098, 0.745098, 0.745098, 0.733333, 0.717647, 0.701961, 0.690196, 0.682353, 0.670588, 0.650980, 0.639216, 0.635294, 0.615686, 0.611765, 0.600000, 0.592157, 0.584314, 0.568627, 0.556863, 0.552941, 0.835294, 0.854902, 0.862745, 0.862745, 0.858824, 0.835294, 0.803922, 0.776471, 0.749020, 0.729412, 0.721569, 0.713726, 0.701961, 0.690196, 0.678431, 0.674510, 0.662745, 0.631373, 0.611765, 0.580392, 0.556863, 0.533333, 0.509804, 0.478431, 0.470588, 0.454902, 0.458824, 0.431373, 0.423529, 0.411765, 0.396078, 0.400000, 0.400000, 0.415686, 0.360784, 0.376471, 0.392157, 0.415686, 0.427451, 0.439216, 0.462745, 0.458824, 0.482353, 0.458824, 0.458824, 0.447059, 0.447059, 0.443137, 0.431373, 0.419608, 0.403922, 0.392157, 0.376471, 0.372549, 0.364706, 0.345098, 0.360784, 0.360784, 0.341176, 0.372549, 0.392157, 0.450980, 0.501961, 0.525490, 0.568627, 0.592157, 0.607843, 0.635294, 0.654902, 0.674510, 0.698039, 0.713726, 0.725490, 0.741176, 0.749020, 0.749020, 0.745098, 0.745098, 0.737255, 0.733333, 0.717647, 0.701961, 0.690196, 0.678431, 0.666667, 0.658824, 0.643137, 0.631373, 0.623529, 0.615686, 0.596078, 0.596078, 0.580392, 0.572549, 0.556863, 0.549020, 0.815686, 0.831373, 0.835294, 0.835294, 0.831373, 0.819608, 0.800000, 0.788235, 0.768627, 0.729412, 0.713726, 0.698039, 0.686275, 0.674510, 0.670588, 0.666667, 0.658824, 0.631373, 0.611765, 0.588235, 0.564706, 0.545098, 0.509804, 0.466667, 0.454902, 0.447059, 0.450980, 0.439216, 0.419608, 0.411765, 0.407843, 0.396078, 0.396078, 0.388235, 0.392157, 0.388235, 0.360784, 0.392157, 0.396078, 0.407843, 0.423529, 0.423529, 0.443137, 0.439216, 0.439216, 0.439216, 0.431373, 0.427451, 0.415686, 0.403922, 0.400000, 0.392157, 0.380392, 0.372549, 0.356863, 0.349020, 0.349020, 0.345098, 0.360784, 0.384314, 0.415686, 0.478431, 0.509804, 0.549020, 0.584314, 0.607843, 0.635294, 0.654902, 0.674510, 0.698039, 0.709804, 0.725490, 0.741176, 0.749020, 0.745098, 0.749020, 0.741176, 0.741176, 0.729412, 0.721569, 0.709804, 0.701961, 0.686275, 0.678431, 0.666667, 0.654902, 0.643137, 0.631373, 0.623529, 0.611765, 0.603922, 0.592157, 0.580392, 0.568627, 0.556863, 0.556863, 0.713726, 0.780392, 0.784314, 0.800000, 0.796078, 0.784314, 0.788235, 0.784314, 0.764706, 0.745098, 0.717647, 0.682353, 0.670588, 0.654902, 0.650980, 0.654902, 0.650980, 0.631373, 0.607843, 0.592157, 0.576471, 0.545098, 0.517647, 0.490196, 0.450980, 0.443137, 0.392157, 0.396078, 0.407843, 0.400000, 0.392157, 0.403922, 0.388235, 0.384314, 0.372549, 0.372549, 0.376471, 0.396078, 0.388235, 0.392157, 0.403922, 0.415686, 0.427451, 0.423529, 0.439216, 0.431373, 0.423529, 0.407843, 0.400000, 0.388235, 0.360784, 0.384314, 0.321569, 0.349020, 0.337255, 0.341176, 0.286275, 0.313726, 0.356863, 0.396078, 0.423529, 0.486275, 0.529412, 0.572549, 0.603922, 0.627451, 0.647059, 0.670588, 0.690196, 0.705882, 0.725490, 0.733333, 0.752941, 0.756863, 0.745098, 0.741176, 0.737255, 0.733333, 0.725490, 0.717647, 0.713726, 0.698039, 0.690196, 0.674510, 0.654902, 0.647059, 0.635294, 0.627451, 0.623529, 0.607843, 0.603922, 0.588235, 0.580392, 0.572549, 0.564706, 0.556863, 0.545098, 0.584314, 0.647059, 0.729412, 0.745098, 0.749020, 0.737255, 0.729412, 0.733333, 0.729412, 0.709804, 0.686275, 0.654902, 0.643137, 0.635294, 0.623529, 0.619608, 0.615686, 0.611765, 0.596078, 0.588235, 0.564706, 0.525490, 0.490196, 0.454902, 0.447059, 0.419608, 0.415686, 0.407843, 0.400000, 0.400000, 0.388235, 0.356863, 0.372549, 0.384314, 0.380392, 0.384314, 0.376471, 0.380392, 0.376471, 0.380392, 0.392157, 0.403922, 0.400000, 0.388235, 0.403922, 0.400000, 0.419608, 0.356863, 0.376471, 0.372549, 0.376471, 0.345098, 0.364706, 0.345098, 0.337255, 0.345098, 0.364706, 0.349020, 0.396078, 0.431373, 0.501961, 0.556863, 0.580392, 0.619608, 0.650980, 0.670588, 0.686275, 0.705882, 0.725490, 0.737255, 0.745098, 0.756863, 0.749020, 0.749020, 0.745098, 0.741176, 0.733333, 0.725490, 0.721569, 0.713726, 0.694118, 0.686275, 0.674510, 0.662745, 0.647059, 0.631373, 0.623529, 0.607843, 0.611765, 0.600000, 0.592157, 0.584314, 0.568627, 0.556863, 0.549020, 0.596078, 0.529412, 0.470588, 0.498039, 0.588235, 0.631373, 0.647059, 0.674510, 0.670588, 0.654902, 0.658824, 0.643137, 0.643137, 0.635294, 0.623529, 0.611765, 0.611765, 0.611765, 0.611765, 0.592157, 0.580392, 0.552941, 0.533333, 0.517647, 0.478431, 0.435294, 0.415686, 0.411765, 0.400000, 0.400000, 0.384314, 0.384314, 0.368627, 0.368627, 0.380392, 0.388235, 0.376471, 0.400000, 0.372549, 0.372549, 0.384314, 0.372549, 0.372549, 0.372549, 0.392157, 0.384314, 0.368627, 0.372549, 0.333333, 0.352941, 0.352941, 0.356863, 0.360784, 0.352941, 0.345098, 0.349020, 0.345098, 0.368627, 0.368627, 0.411765, 0.466667, 0.513726, 0.552941, 0.592157, 0.623529, 0.658824, 0.674510, 0.698039, 0.717647, 0.729412, 0.741176, 0.749020, 0.749020, 0.752941, 0.749020, 0.745098, 0.741176, 0.737255, 0.725490, 0.717647, 0.705882, 0.690196, 0.682353, 0.674510, 0.662745, 0.647059, 0.631373, 0.623529, 0.607843, 0.600000, 0.596078, 0.588235, 0.584314, 0.568627, 0.556863, 0.549020, 0.752941, 0.701961, 0.639216, 0.478431, 0.454902, 0.447059, 0.486275, 0.560784, 0.615686, 0.631373, 0.611765, 0.607843, 0.619608, 0.619608, 0.623529, 0.623529, 0.619608, 0.607843, 0.603922, 0.592157, 0.568627, 0.552941, 0.529412, 0.513726, 0.454902, 0.443137, 0.427451, 0.403922, 0.392157, 0.388235, 0.376471, 0.368627, 0.360784, 0.380392, 0.380392, 0.349020, 0.356863, 0.364706, 0.356863, 0.360784, 0.356863, 0.360784, 0.356863, 0.360784, 0.372549, 0.360784, 0.345098, 0.352941, 0.349020, 0.352941, 0.352941, 0.360784, 0.364706, 0.349020, 0.345098, 0.345098, 0.345098, 0.360784, 0.400000, 0.439216, 0.482353, 0.525490, 0.580392, 0.611765, 0.639216, 0.674510, 0.694118, 0.709804, 0.721569, 0.741176, 0.745098, 0.749020, 0.749020, 0.749020, 0.741176, 0.745098, 0.737255, 0.729412, 0.717647, 0.713726, 0.698039, 0.686275, 0.678431, 0.666667, 0.650980, 0.643137, 0.631373, 0.615686, 0.607843, 0.600000, 0.592157, 0.584314, 0.572549, 0.568627, 0.556863, 0.552941, 0.682353, 0.658824, 0.643137, 0.623529, 0.603922, 0.549020, 0.509804, 0.513726, 0.545098, 0.560784, 0.580392, 0.596078, 0.600000, 0.607843, 0.611765, 0.615686, 0.607843, 0.603922, 0.596078, 0.576471, 0.560784, 0.533333, 0.509804, 0.509804, 0.462745, 0.443137, 0.411765, 0.400000, 0.392157, 0.380392, 0.396078, 0.372549, 0.360784, 0.364706, 0.368627, 0.349020, 0.349020, 0.360784, 0.356863, 0.356863, 0.360784, 0.345098, 0.337255, 0.345098, 0.333333, 0.325490, 0.337255, 0.337255, 0.337255, 0.341176, 0.325490, 0.352941, 0.360784, 0.352941, 0.345098, 0.356863, 0.364706, 0.392157, 0.431373, 0.447059, 0.505882, 0.541176, 0.584314, 0.623529, 0.658824, 0.682353, 0.701961, 0.713726, 0.733333, 0.741176, 0.745098, 0.749020, 0.749020, 0.741176, 0.741176, 0.733333, 0.737255, 0.725490, 0.717647, 0.709804, 0.694118, 0.678431, 0.666667, 0.662745, 0.650980, 0.639216, 0.623529, 0.611765, 0.603922, 0.596078, 0.580392, 0.584314, 0.568627, 0.564706, 0.556863, 0.549020, 0.588235, 0.568627, 0.541176, 0.533333, 0.537255, 0.533333, 0.537255, 0.533333, 0.552941, 0.560784, 0.576471, 0.592157, 0.600000, 0.600000, 0.603922, 0.603922, 0.603922, 0.596078, 0.584314, 0.556863, 0.541176, 0.517647, 0.501961, 0.470588, 0.447059, 0.423529, 0.403922, 0.380392, 0.368627, 0.360784, 0.360784, 0.360784, 0.360784, 0.372549, 0.345098, 0.360784, 0.368627, 0.349020, 0.341176, 0.341176, 0.360784, 0.333333, 0.345098, 0.325490, 0.333333, 0.345098, 0.329412, 0.321569, 0.321569, 0.341176, 0.337255, 0.337255, 0.356863, 0.360784, 0.364706, 0.356863, 0.380392, 0.356863, 0.427451, 0.466667, 0.545098, 0.556863, 0.596078, 0.639216, 0.658824, 0.690196, 0.709804, 0.721569, 0.737255, 0.749020, 0.749020, 0.749020, 0.741176, 0.741176, 0.733333, 0.729412, 0.729412, 0.721569, 0.713726, 0.709804, 0.694118, 0.682353, 0.666667, 0.650980, 0.647059, 0.635294, 0.623529, 0.619608, 0.596078, 0.596078, 0.584314, 0.580392, 0.572549, 0.560784, 0.549020, 0.549020, 0.549020, 0.552941, 0.545098, 0.541176, 0.545098, 0.537255, 0.552941, 0.556863, 0.564706, 0.564706, 0.564706, 0.576471, 0.588235, 0.596078, 0.588235, 0.588235, 0.588235, 0.576471, 0.576471, 0.564706, 0.521569, 0.501961, 0.466667, 0.466667, 0.419608, 0.407843, 0.384314, 0.372549, 0.352941, 0.360784, 0.356863, 0.333333, 0.345098, 0.333333, 0.349020, 0.356863, 0.352941, 0.349020, 0.329412, 0.329412, 0.341176, 0.298039, 0.309804, 0.325490, 0.325490, 0.317647, 0.305882, 0.313726, 0.321569, 0.290196, 0.337255, 0.341176, 0.356863, 0.368627, 0.360784, 0.384314, 0.384314, 0.411765, 0.454902, 0.490196, 0.549020, 0.572549, 0.607843, 0.643137, 0.674510, 0.701961, 0.717647, 0.725490, 0.745098, 0.752941, 0.749020, 0.745098, 0.737255, 0.737255, 0.733333, 0.729412, 0.729412, 0.721569, 0.709804, 0.701961, 0.694118, 0.674510, 0.666667, 0.650980, 0.643137, 0.631373, 0.619608, 0.611765, 0.600000, 0.596078, 0.588235, 0.584314, 0.568627, 0.568627, 0.552941, 0.545098, 0.541176, 0.552941, 0.549020, 0.549020, 0.549020, 0.552941, 0.560784, 0.564706, 0.572549, 0.564706, 0.568627, 0.568627, 0.572549, 0.584314, 0.584314, 0.584314, 0.580392, 0.560784, 0.545098, 0.529412, 0.513726, 0.486275, 0.458824, 0.435294, 0.407843, 0.368627, 0.376471, 0.352941, 0.352941, 0.349020, 0.356863, 0.345098, 0.341176, 0.345098, 0.349020, 0.349020, 0.333333, 0.313726, 0.317647, 0.313726, 0.305882, 0.301961, 0.294118, 0.286275, 0.282353, 0.305882, 0.294118, 0.278431, 0.294118, 0.337255, 0.329412, 0.349020, 0.356863, 0.376471, 0.392157, 0.407843, 0.427451, 0.439216, 0.470588, 0.517647, 0.552941, 0.592157, 0.619608, 0.658824, 0.682353, 0.705882, 0.725490, 0.733333, 0.745098, 0.745098, 0.749020, 0.749020, 0.737255, 0.737255, 0.725490, 0.717647, 0.717647, 0.717647, 0.705882, 0.698039, 0.686275, 0.678431, 0.666667, 0.647059, 0.639216, 0.627451, 0.619608, 0.607843, 0.592157, 0.592157, 0.584314, 0.576471, 0.568627, 0.560784, 0.549020, 0.541176, 0.537255, 0.533333, 0.552941, 0.549020, 0.552941, 0.556863, 0.564706, 0.560784, 0.568627, 0.560784, 0.568627, 0.560784, 0.572549, 0.576471, 0.564706, 0.556863, 0.560784, 0.545098, 0.533333, 0.529412, 0.505882, 0.490196, 0.435294, 0.423529, 0.380392, 0.356863, 0.333333, 0.329412, 0.329412, 0.333333, 0.333333, 0.333333, 0.349020, 0.345098, 0.341176, 0.325490, 0.325490, 0.309804, 0.309804, 0.305882, 0.282353, 0.305882, 0.286275, 0.278431, 0.294118, 0.298039, 0.298039, 0.333333, 0.329412, 0.341176, 0.360784, 0.384314, 0.400000, 0.415686, 0.435294, 0.435294, 0.454902, 0.478431, 0.505882, 0.541176, 0.568627, 0.600000, 0.635294, 0.658824, 0.686275, 0.709804, 0.725490, 0.733333, 0.749020, 0.749020, 0.745098, 0.741176, 0.737255, 0.737255, 0.725490, 0.713726, 0.709804, 0.705882, 0.705882, 0.698039, 0.686275, 0.678431, 0.670588, 0.654902, 0.639216, 0.623529, 0.615686, 0.611765, 0.596078, 0.584314, 0.584314, 0.576471, 0.568627, 0.556863, 0.552941, 0.541176, 0.529412, 0.537255, 0.541176, 0.545098, 0.552941, 0.549020, 0.552941, 0.556863, 0.556863, 0.560784, 0.560784, 0.556863, 0.556863, 0.556863, 0.552941, 0.545098, 0.541176, 0.533333, 0.521569, 0.509804, 0.478431, 0.474510, 0.435294, 0.403922, 0.396078, 0.337255, 0.345098, 0.321569, 0.317647, 0.313726, 0.325490, 0.396078, 0.337255, 0.333333, 0.321569, 0.313726, 0.313726, 0.294118, 0.298039, 0.290196, 0.294118, 0.282353, 0.305882, 0.278431, 0.290196, 0.298039, 0.329412, 0.337255, 0.384314, 0.372549, 0.376471, 0.411765, 0.435294, 0.443137, 0.458824, 0.478431, 0.494118, 0.513726, 0.537255, 0.568627, 0.596078, 0.619608, 0.650980, 0.670588, 0.698039, 0.717647, 0.729412, 0.737255, 0.745098, 0.741176, 0.745098, 0.741176, 0.733333, 0.733333, 0.725490, 0.721569, 0.717647, 0.705882, 0.701961, 0.694118, 0.686275, 0.674510, 0.662745, 0.658824, 0.639216, 0.623529, 0.615686, 0.607843, 0.592157, 0.580392, 0.576471, 0.572549, 0.564706, 0.549020, 0.549020, 0.541176, 0.525490, 0.533333, 0.533333, 0.533333, 0.529412, 0.525490, 0.533333, 0.537255, 0.541176, 0.549020, 0.549020, 0.541176, 0.545098, 0.545098, 0.545098, 0.541176, 0.525490, 0.513726, 0.501961, 0.482353, 0.458824, 0.435294, 0.407843, 0.392157, 0.368627, 0.352941, 0.376471, 0.305882, 0.317647, 0.321569, 0.325490, 0.333333, 0.305882, 0.305882, 0.313726, 0.301961, 0.294118, 0.278431, 0.282353, 0.258824, 0.231373, 0.266667, 0.266667, 0.262745, 0.309804, 0.282353, 0.333333, 0.364706, 0.384314, 0.419608, 0.431373, 0.447059, 0.447059, 0.466667, 0.486275, 0.505882, 0.537255, 0.556863, 0.580392, 0.596078, 0.627451, 0.643137, 0.666667, 0.682353, 0.701961, 0.717647, 0.737255, 0.745098, 0.745098, 0.737255, 0.729412, 0.721569, 0.717647, 0.721569, 0.709804, 0.709804, 0.705882, 0.701961, 0.698039, 0.686275, 0.682353, 0.666667, 0.658824, 0.650980, 0.639216, 0.627451, 0.611765, 0.600000, 0.588235, 0.580392, 0.576471, 0.564706, 0.564706, 0.556863, 0.549020, 0.537255, 0.517647, 0.525490, 0.521569, 0.509804, 0.509804, 0.513726, 0.521569, 0.525490, 0.537255, 0.533333, 0.537255, 0.545098, 0.545098, 0.549020, 0.541176, 0.537255, 0.517647, 0.501961, 0.478431, 0.454902, 0.431373, 0.427451, 0.400000, 0.337255, 0.298039, 0.286275, 0.301961, 0.301961, 0.294118, 0.317647, 0.317647, 0.309804, 0.294118, 0.290196, 0.290196, 0.274510, 0.243137, 0.258824, 0.270588, 0.254902, 0.266667, 0.266667, 0.270588, 0.290196, 0.278431, 0.317647, 0.313726, 0.388235, 0.411765, 0.435294, 0.470588, 0.482353, 0.498039, 0.517647, 0.525490, 0.533333, 0.576471, 0.584314, 0.603922, 0.623529, 0.643137, 0.670588, 0.678431, 0.698039, 0.709804, 0.729412, 0.737255, 0.741176, 0.741176, 0.733333, 0.729412, 0.717647, 0.713726, 0.701961, 0.701961, 0.701961, 0.705882, 0.694118, 0.690196, 0.682353, 0.674510, 0.658824, 0.658824, 0.643137, 0.631373, 0.619608, 0.611765, 0.596078, 0.588235, 0.576471, 0.572549, 0.568627, 0.560784, 0.556863, 0.552941, 0.537255, 0.498039, 0.509804, 0.501961, 0.494118, 0.490196, 0.501961, 0.501961, 0.509804, 0.521569, 0.533333, 0.525490, 0.537255, 0.549020, 0.549020, 0.537255, 0.529412, 0.513726, 0.498039, 0.474510, 0.447059, 0.427451, 0.384314, 0.352941, 0.380392, 0.298039, 0.298039, 0.286275, 0.282353, 0.309804, 0.294118, 0.282353, 0.298039, 0.294118, 0.274510, 0.290196, 0.258824, 0.262745, 0.254902, 0.247059, 0.258824, 0.274510, 0.243137, 0.270588, 0.278431, 0.313726, 0.325490, 0.356863, 0.407843, 0.431373, 0.454902, 0.501961, 0.509804, 0.525490, 0.552941, 0.572549, 0.584314, 0.600000, 0.611765, 0.631373, 0.643137, 0.662745, 0.670588, 0.686275, 0.701961, 0.721569, 0.729412, 0.737255, 0.741176, 0.737255, 0.729412, 0.725490, 0.717647, 0.709804, 0.705882, 0.698039, 0.701961, 0.698039, 0.690196, 0.682353, 0.678431, 0.670588, 0.662745, 0.647059, 0.635294, 0.623529, 0.615686, 0.607843, 0.603922, 0.580392, 0.576471, 0.564706, 0.564706, 0.556863, 0.552941, 0.549020, 0.537255, 0.490196, 0.486275, 0.486275, 0.486275, 0.490196, 0.486275, 0.498039, 0.494118, 0.513726, 0.513726, 0.517647, 0.521569, 0.529412, 0.537255, 0.533333, 0.517647, 0.498039, 0.490196, 0.466667, 0.450980, 0.407843, 0.388235, 0.317647, 0.325490, 0.305882, 0.298039, 0.294118, 0.270588, 0.274510, 0.286275, 0.290196, 0.282353, 0.282353, 0.266667, 0.274510, 0.266667, 0.243137, 0.247059, 0.274510, 0.262745, 0.254902, 0.258824, 0.305882, 0.270588, 0.321569, 0.345098, 0.392157, 0.450980, 0.478431, 0.525490, 0.541176, 0.552941, 0.572549, 0.588235, 0.607843, 0.615686, 0.623529, 0.639216, 0.658824, 0.662745, 0.678431, 0.690196, 0.701961, 0.709804, 0.721569, 0.733333, 0.737255, 0.729412, 0.725490, 0.721569, 0.717647, 0.705882, 0.705882, 0.698039, 0.698039, 0.694118, 0.686275, 0.686275, 0.678431, 0.674510, 0.666667, 0.654902, 0.643137, 0.627451, 0.623529, 0.611765, 0.600000, 0.592157, 0.580392, 0.576471, 0.560784, 0.560784, 0.556863, 0.549020, 0.537255, 0.537255, 0.435294, 0.462745, 0.462745, 0.466667, 0.470588, 0.478431, 0.486275, 0.498039, 0.501961, 0.501961, 0.509804, 0.509804, 0.513726, 0.509804, 0.509804, 0.509804, 0.478431, 0.474510, 0.458824, 0.415686, 0.380392, 0.356863, 0.333333, 0.290196, 0.286275, 0.290196, 0.290196, 0.274510, 0.247059, 0.258824, 0.266667, 0.262745, 0.247059, 0.258824, 0.254902, 0.243137, 0.235294, 0.227451, 0.235294, 0.227451, 0.290196, 0.298039, 0.286275, 0.298039, 0.368627, 0.317647, 0.439216, 0.494118, 0.525490, 0.552941, 0.576471, 0.600000, 0.615686, 0.627451, 0.643137, 0.658824, 0.670588, 0.670588, 0.678431, 0.690196, 0.698039, 0.701961, 0.717647, 0.725490, 0.729412, 0.733333, 0.737255, 0.725490, 0.717647, 0.717647, 0.705882, 0.705882, 0.701961, 0.694118, 0.690196, 0.682353, 0.682353, 0.682353, 0.674510, 0.666667, 0.662745, 0.654902, 0.643137, 0.627451, 0.627451, 0.607843, 0.596078, 0.592157, 0.580392, 0.568627, 0.560784, 0.556863, 0.549020, 0.545098, 0.537255, 0.533333, 0.447059, 0.450980, 0.454902, 0.447059, 0.458824, 0.470588, 0.474510, 0.474510, 0.494118, 0.494118, 0.501961, 0.501961, 0.505882, 0.498039, 0.494118, 0.482353, 0.478431, 0.447059, 0.419608, 0.411765, 0.376471, 0.352941, 0.329412, 0.282353, 0.278431, 0.274510, 0.286275, 0.278431, 0.258824, 0.266667, 0.247059, 0.243137, 0.239216, 0.243137, 0.239216, 0.227451, 0.247059, 0.196078, 0.243137, 0.254902, 0.278431, 0.290196, 0.329412, 0.317647, 0.298039, 0.364706, 0.458824, 0.498039, 0.552941, 0.568627, 0.596078, 0.615686, 0.643137, 0.666667, 0.686275, 0.694118, 0.701961, 0.701961, 0.705882, 0.713726, 0.717647, 0.721569, 0.725490, 0.741176, 0.737255, 0.733333, 0.733333, 0.721569, 0.717647, 0.705882, 0.705882, 0.698039, 0.690196, 0.690196, 0.686275, 0.678431, 0.678431, 0.670588, 0.666667, 0.658824, 0.654902, 0.647059, 0.639216, 0.635294, 0.623529, 0.611765, 0.600000, 0.588235, 0.576471, 0.568627, 0.560784, 0.549020, 0.552941, 0.549020, 0.541176, 0.533333, 0.435294, 0.454902, 0.447059, 0.447059, 0.458824, 0.466667, 0.474510, 0.466667, 0.482353, 0.482353, 0.486275, 0.482353, 0.494118, 0.486275, 0.458824, 0.454902, 0.435294, 0.423529, 0.411765, 0.392157, 0.356863, 0.317647, 0.325490, 0.309804, 0.286275, 0.270588, 0.270588, 0.239216, 0.250980, 0.254902, 0.243137, 0.250980, 0.235294, 0.258824, 0.223529, 0.211765, 0.219608, 0.215686, 0.227451, 0.250980, 0.298039, 0.301961, 0.321569, 0.341176, 0.360784, 0.400000, 0.454902, 0.513726, 0.564706, 0.584314, 0.603922, 0.627451, 0.658824, 0.678431, 0.698039, 0.713726, 0.717647, 0.717647, 0.729412, 0.733333, 0.737255, 0.741176, 0.741176, 0.745098, 0.737255, 0.729412, 0.725490, 0.717647, 0.705882, 0.698039, 0.698039, 0.694118, 0.686275, 0.670588, 0.670588, 0.670588, 0.670588, 0.666667, 0.662745, 0.654902, 0.654902, 0.647059, 0.635294, 0.615686, 0.615686, 0.607843, 0.596078, 0.592157, 0.572549, 0.556863, 0.549020, 0.549020, 0.541176, 0.537255, 0.529412, 0.529412, 0.423529, 0.415686, 0.439216, 0.435294, 0.447059, 0.462745, 0.466667, 0.466667, 0.482353, 0.482353, 0.470588, 0.458824, 0.474510, 0.462745, 0.447059, 0.419608, 0.447059, 0.392157, 0.364706, 0.352941, 0.321569, 0.313726, 0.298039, 0.298039, 0.286275, 0.258824, 0.258824, 0.258824, 0.235294, 0.247059, 0.239216, 0.239216, 0.164706, 0.254902, 0.215686, 0.223529, 0.231373, 0.203922, 0.290196, 0.286275, 0.282353, 0.301961, 0.317647, 0.364706, 0.388235, 0.415686, 0.470588, 0.517647, 0.564706, 0.592157, 0.607843, 0.635294, 0.666667, 0.698039, 0.709804, 0.709804, 0.717647, 0.725490, 0.733333, 0.741176, 0.749020, 0.749020, 0.749020, 0.745098, 0.737255, 0.733333, 0.725490, 0.709804, 0.705882, 0.701961, 0.694118, 0.686275, 0.678431, 0.670588, 0.666667, 0.666667, 0.662745, 0.658824, 0.654902, 0.654902, 0.647059, 0.639216, 0.635294, 0.619608, 0.611765, 0.596078, 0.584314, 0.576471, 0.568627, 0.564706, 0.549020, 0.549020, 0.541176, 0.533333, 0.529412, 0.521569, 0.439216, 0.435294, 0.443137, 0.447059, 0.443137, 0.450980, 0.458824, 0.458824, 0.466667, 0.462745, 0.458824, 0.443137, 0.443137, 0.443137, 0.431373, 0.403922, 0.400000, 0.364706, 0.313726, 0.321569, 0.329412, 0.301961, 0.298039, 0.290196, 0.270588, 0.258824, 0.243137, 0.231373, 0.247059, 0.219608, 0.235294, 0.243137, 0.231373, 0.164706, 0.219608, 0.227451, 0.247059, 0.258824, 0.278431, 0.290196, 0.290196, 0.329412, 0.368627, 0.368627, 0.372549, 0.431373, 0.494118, 0.525490, 0.564706, 0.596078, 0.619608, 0.639216, 0.670588, 0.701961, 0.717647, 0.717647, 0.713726, 0.717647, 0.729412, 0.733333, 0.745098, 0.752941, 0.745098, 0.737255, 0.725490, 0.721569, 0.717647, 0.713726, 0.698039, 0.694118, 0.686275, 0.678431, 0.674510, 0.670588, 0.666667, 0.662745, 0.658824, 0.650980, 0.650980, 0.650980, 0.639216, 0.631373, 0.627451, 0.619608, 0.607843, 0.596078, 0.584314, 0.572549, 0.564706, 0.560784, 0.541176, 0.541176, 0.533333, 0.533333, 0.521569, 0.517647, 0.411765, 0.415686, 0.431373, 0.431373, 0.443137, 0.447059, 0.447059, 0.435294, 0.443137, 0.439216, 0.427451, 0.419608, 0.427451, 0.411765, 0.403922, 0.376471, 0.349020, 0.337255, 0.309804, 0.301961, 0.301961, 0.258824, 0.266667, 0.258824, 0.250980, 0.250980, 0.239216, 0.254902, 0.243137, 0.219608, 0.235294, 0.223529, 0.223529, 0.200000, 0.215686, 0.227451, 0.250980, 0.270588, 0.290196, 0.301961, 0.278431, 0.325490, 0.364706, 0.392157, 0.407843, 0.443137, 0.501961, 0.525490, 0.568627, 0.596078, 0.619608, 0.647059, 0.674510, 0.701961, 0.709804, 0.713726, 0.709804, 0.717647, 0.725490, 0.733333, 0.737255, 0.745098, 0.741176, 0.733333, 0.729412, 0.717647, 0.713726, 0.701961, 0.690196, 0.682353, 0.678431, 0.674510, 0.674510, 0.666667, 0.662745, 0.658824, 0.654902, 0.650980, 0.643137, 0.639216, 0.631373, 0.627451, 0.619608, 0.623529, 0.611765, 0.600000, 0.592157, 0.576471, 0.556863, 0.552941, 0.545098, 0.537255, 0.529412, 0.529412, 0.517647, 0.521569, 0.419608, 0.360784, 0.419608, 0.435294, 0.435294, 0.427451, 0.419608, 0.447059, 0.435294, 0.411765, 0.407843, 0.403922, 0.372549, 0.364706, 0.329412, 0.356863, 0.317647, 0.313726, 0.290196, 0.254902, 0.254902, 0.325490, 0.270588, 0.250980, 0.286275, 0.254902, 0.258824, 0.231373, 0.219608, 0.223529, 0.227451, 0.211765, 0.207843, 0.188235, 0.215686, 0.254902, 0.258824, 0.282353, 0.294118, 0.321569, 0.325490, 0.368627, 0.392157, 0.407843, 0.427451, 0.450980, 0.501961, 0.541176, 0.572549, 0.596078, 0.615686, 0.647059, 0.678431, 0.694118, 0.701961, 0.705882, 0.705882, 0.705882, 0.717647, 0.725490, 0.729412, 0.741176, 0.737255, 0.729412, 0.725490, 0.721569, 0.705882, 0.694118, 0.690196, 0.682353, 0.670588, 0.666667, 0.666667, 0.658824, 0.654902, 0.647059, 0.647059, 0.647059, 0.643137, 0.643137, 0.639216, 0.631373, 0.615686, 0.607843, 0.600000, 0.592157, 0.584314, 0.576471, 0.556863, 0.549020, 0.533333, 0.529412, 0.521569, 0.521569, 0.517647, 0.513726, 0.415686, 0.411765, 0.415686, 0.431373, 0.427451, 0.419608, 0.403922, 0.400000, 0.396078, 0.384314, 0.372549, 0.372549, 0.360784, 0.341176, 0.321569, 0.317647, 0.270588, 0.270588, 0.286275, 0.282353, 0.247059, 0.247059, 0.250980, 0.223529, 0.258824, 0.235294, 0.231373, 0.247059, 0.231373, 0.231373, 0.211765, 0.211765, 0.196078, 0.223529, 0.231373, 0.313726, 0.290196, 0.301961, 0.317647, 0.337255, 0.364706, 0.384314, 0.447059, 0.427451, 0.447059, 0.470588, 0.513726, 0.552941, 0.576471, 0.600000, 0.619608, 0.647059, 0.678431, 0.690196, 0.694118, 0.701961, 0.698039, 0.709804, 0.713726, 0.721569, 0.733333, 0.733333, 0.725490, 0.721569, 0.713726, 0.713726, 0.709804, 0.694118, 0.682353, 0.674510, 0.670588, 0.662745, 0.658824, 0.650980, 0.647059, 0.643137, 0.643137, 0.639216, 0.631373, 0.639216, 0.631373, 0.631373, 0.627451, 0.611765, 0.596078, 0.588235, 0.576471, 0.564706, 0.556863, 0.545098, 0.529412, 0.521569, 0.517647, 0.521569, 0.509804, 0.501961, 0.400000, 0.415686, 0.400000, 0.407843, 0.403922, 0.427451, 0.392157, 0.380392, 0.360784, 0.349020, 0.341176, 0.333333, 0.325490, 0.317647, 0.298039, 0.282353, 0.290196, 0.254902, 0.262745, 0.258824, 0.243137, 0.239216, 0.203922, 0.243137, 0.215686, 0.207843, 0.223529, 0.215686, 0.223529, 0.211765, 0.203922, 0.215686, 0.215686, 0.223529, 0.250980, 0.325490, 0.298039, 0.345098, 0.329412, 0.368627, 0.403922, 0.411765, 0.427451, 0.439216, 0.462745, 0.490196, 0.521569, 0.552941, 0.576471, 0.603922, 0.623529, 0.650980, 0.682353, 0.686275, 0.694118, 0.694118, 0.694118, 0.698039, 0.705882, 0.717647, 0.721569, 0.725490, 0.721569, 0.713726, 0.709804, 0.705882, 0.698039, 0.694118, 0.674510, 0.670588, 0.666667, 0.654902, 0.650980, 0.650980, 0.639216, 0.635294, 0.635294, 0.639216, 0.635294, 0.627451, 0.627451, 0.619608, 0.619608, 0.603922, 0.596078, 0.588235, 0.576471, 0.568627, 0.549020, 0.545098, 0.533333, 0.521569, 0.517647, 0.521569, 0.505882, 0.494118, 0.400000, 0.396078, 0.392157, 0.403922, 0.400000, 0.384314, 0.364706, 0.337255, 0.349020, 0.325490, 0.329412, 0.290196, 0.294118, 0.290196, 0.258824, 0.266667, 0.250980, 0.270588, 0.254902, 0.254902, 0.243137, 0.227451, 0.223529, 0.231373, 0.270588, 0.215686, 0.219608, 0.223529, 0.200000, 0.203922, 0.196078, 0.231373, 0.227451, 0.258824, 0.290196, 0.298039, 0.329412, 0.352941, 0.384314, 0.403922, 0.427451, 0.439216, 0.447059, 0.450980, 0.474510, 0.501961, 0.525490, 0.552941, 0.580392, 0.603922, 0.627451, 0.650980, 0.678431, 0.682353, 0.690196, 0.690196, 0.690196, 0.701961, 0.709804, 0.713726, 0.721569, 0.725490, 0.717647, 0.713726, 0.701961, 0.694118, 0.690196, 0.686275, 0.674510, 0.662745, 0.654902, 0.650980, 0.643137, 0.635294, 0.635294, 0.627451, 0.619608, 0.619608, 0.623529, 0.627451, 0.627451, 0.619608, 0.611765, 0.600000, 0.596078, 0.580392, 0.572549, 0.560784, 0.549020, 0.533333, 0.529412, 0.521569, 0.513726, 0.509804, 0.501961, 0.501961, 0.388235, 0.384314, 0.380392, 0.372549, 0.368627, 0.364706, 0.345098, 0.337255, 0.321569, 0.290196, 0.278431, 0.250980, 0.262745, 0.254902, 0.258824, 0.254902, 0.262745, 0.223529, 0.247059, 0.254902, 0.227451, 0.227451, 0.235294, 0.203922, 0.211765, 0.227451, 0.211765, 0.215686, 0.203922, 0.215686, 0.219608, 0.211765, 0.243137, 0.270588, 0.294118, 0.325490, 0.333333, 0.352941, 0.411765, 0.423529, 0.443137, 0.462745, 0.470588, 0.478431, 0.498039, 0.513726, 0.537255, 0.568627, 0.592157, 0.611765, 0.631373, 0.662745, 0.674510, 0.686275, 0.686275, 0.690196, 0.686275, 0.694118, 0.705882, 0.701961, 0.713726, 0.717647, 0.713726, 0.705882, 0.701961, 0.698039, 0.682353, 0.670588, 0.662745, 0.658824, 0.654902, 0.647059, 0.635294, 0.631373, 0.627451, 0.623529, 0.623529, 0.623529, 0.623529, 0.619608, 0.623529, 0.615686, 0.611765, 0.600000, 0.592157, 0.580392, 0.568627, 0.560784, 0.549020, 0.537255, 0.525490, 0.521569, 0.509804, 0.505882, 0.501961, 0.494118, 0.349020, 0.356863, 0.337255, 0.345098, 0.321569, 0.329412, 0.317647, 0.384314, 0.298039, 0.286275, 0.243137, 0.250980, 0.243137, 0.223529, 0.227451, 0.254902, 0.250980, 0.239216, 0.239216, 0.227451, 0.231373, 0.239216, 0.235294, 0.250980, 0.211765, 0.211765, 0.200000, 0.203922, 0.203922, 0.188235, 0.215686, 0.247059, 0.192157, 0.294118, 0.301961, 0.356863, 0.376471, 0.400000, 0.427451, 0.439216, 0.478431, 0.486275, 0.482353, 0.498039, 0.517647, 0.529412, 0.549020, 0.564706, 0.588235, 0.611765, 0.635294, 0.658824, 0.674510, 0.678431, 0.678431, 0.678431, 0.682353, 0.690196, 0.698039, 0.705882, 0.705882, 0.713726, 0.705882, 0.701961, 0.694118, 0.682353, 0.678431, 0.666667, 0.650980, 0.643137, 0.643137, 0.647059, 0.639216, 0.627451, 0.623529, 0.619608, 0.619608, 0.623529, 0.619608, 0.615686, 0.615686, 0.607843, 0.611765, 0.603922, 0.592157, 0.584314, 0.568627, 0.564706, 0.545098, 0.533333, 0.517647, 0.513726, 0.505882, 0.501961, 0.494118, 0.486275, 0.301961, 0.305882, 0.298039, 0.290196, 0.290196, 0.282353, 0.305882, 0.286275, 0.247059, 0.290196, 0.250980, 0.239216, 0.239216, 0.250980, 0.223529, 0.247059, 0.243137, 0.247059, 0.231373, 0.235294, 0.215686, 0.207843, 0.223529, 0.223529, 0.231373, 0.192157, 0.203922, 0.219608, 0.239216, 0.207843, 0.243137, 0.258824, 0.278431, 0.290196, 0.325490, 0.388235, 0.407843, 0.423529, 0.439216, 0.458824, 0.494118, 0.501961, 0.501961, 0.517647, 0.529412, 0.549020, 0.564706, 0.580392, 0.603922, 0.623529, 0.643137, 0.658824, 0.666667, 0.682353, 0.674510, 0.674510, 0.674510, 0.682353, 0.694118, 0.701961, 0.698039, 0.701961, 0.701961, 0.701961, 0.690196, 0.682353, 0.678431, 0.666667, 0.654902, 0.643137, 0.635294, 0.631373, 0.639216, 0.631373, 0.619608, 0.607843, 0.607843, 0.611765, 0.615686, 0.615686, 0.615686, 0.615686, 0.600000, 0.596078, 0.588235, 0.576471, 0.564706, 0.556863, 0.537255, 0.533333, 0.521569, 0.513726, 0.505882, 0.501961, 0.486275, 0.482353, 0.274510, 0.254902, 0.266667, 0.278431, 0.247059, 0.207843, 0.250980, 0.250980, 0.258824, 0.243137, 0.243137, 0.215686, 0.239216, 0.247059, 0.219608, 0.231373, 0.223529, 0.223529, 0.223529, 0.231373, 0.227451, 0.227451, 0.211765, 0.207843, 0.219608, 0.203922, 0.203922, 0.227451, 0.235294, 0.243137, 0.286275, 0.282353, 0.313726, 0.407843, 0.403922, 0.415686, 0.435294, 0.450980, 0.482353, 0.486275, 0.505882, 0.509804, 0.513726, 0.525490, 0.537255, 0.556863, 0.572549, 0.592157, 0.611765, 0.627451, 0.654902, 0.662745, 0.670588, 0.670588, 0.670588, 0.670588, 0.670588, 0.674510, 0.678431, 0.686275, 0.698039, 0.694118, 0.690196, 0.678431, 0.674510, 0.674510, 0.670588, 0.658824, 0.647059, 0.647059, 0.643137, 0.631373, 0.615686, 0.607843, 0.615686, 0.611765, 0.603922, 0.600000, 0.607843, 0.615686, 0.611765, 0.611765, 0.607843, 0.596078, 0.584314, 0.572549, 0.560784, 0.556863, 0.533333, 0.529412, 0.517647, 0.505882, 0.501961, 0.494118, 0.482353, 0.486275, 0.231373, 0.247059, 0.258824, 0.247059, 0.227451, 0.247059, 0.207843, 0.207843, 0.223529, 0.231373, 0.227451, 0.243137, 0.219608, 0.235294, 0.223529, 0.227451, 0.235294, 0.223529, 0.231373, 0.200000, 0.207843, 0.211765, 0.207843, 0.200000, 0.184314, 0.211765, 0.231373, 0.247059, 0.274510, 0.247059, 0.294118, 0.250980, 0.341176, 0.407843, 0.443137, 0.462745, 0.482353, 0.505882, 0.521569, 0.525490, 0.525490, 0.521569, 0.533333, 0.545098, 0.564706, 0.572549, 0.584314, 0.600000, 0.607843, 0.635294, 0.650980, 0.662745, 0.662745, 0.666667, 0.670588, 0.662745, 0.666667, 0.674510, 0.678431, 0.686275, 0.686275, 0.686275, 0.686275, 0.674510, 0.670588, 0.674510, 0.662745, 0.658824, 0.650980, 0.643137, 0.635294, 0.623529, 0.615686, 0.603922, 0.600000, 0.603922, 0.607843, 0.603922, 0.603922, 0.607843, 0.600000, 0.600000, 0.600000, 0.592157, 0.584314, 0.572549, 0.556863, 0.552941, 0.525490, 0.521569, 0.513726, 0.494118, 0.498039, 0.486275, 0.482353, 0.482353, 
Input type: FLOAT32
Output type: FLOAT32
Detected sign: perro
abierta: 0.011719, apuntar: 0.218750, cero: 0.023438, chill: 0.003906, perro: 0.527344, rock: 0.218750
